Sample	0.0	1.0	2.0	3.0	4.0	5.0	6.0	7.0	8.0	9.0	10.0	11.0	12.0	13.0	14.0	15.0	16.0	17.0	18.0	19.0	20.0	21.0	22.0	23.0	24.0	25.0	26.0	27.0	28.0	29.0	30.0	31.0	32.0	33.0	34.0	35.0	36.0	37.0	38.0	39.0	40.0
PDAC200Tkf1_fwd	67.0	501.0	2968.0	70218.0	1064.0	350.0	234.0	156.0	198.0	149.0	177.0	190.0	157.0	137.0	207.0	540.0	602.0	459.0	615.0	841.0	1345.0	2525.0	5794.0	12464.0	25548.0	48662.0	85318.0	136473.0	209113.0	299855.0	410796.0	544367.0	694412.0	869381.0	1113639.0	1604506.0	2578311.0	2055557.0	3000156.0	6086492.0	59270689.0
PDAC200Tkf1_rev	31.0	356.0	934.0	20867.0	50364.0	1870.0	540.0	226.0	249.0	347.0	362.0	515.0	1911.0	1737.0	4340.0	11411.0	32185.0	65233.0	99754.0	126266.0	145126.0	163816.0	186033.0	209174.0	238721.0	271464.0	309535.0	352285.0	405424.0	471566.0	556637.0	666033.0	792626.0	957590.0	1238391.0	1830314.0	2766182.0	2532393.0	3924012.0	9104747.0	51593666.0
PDAC201T_F8-9kf1_fwd	1040.0	9094.0	62520.0	1832024.0	29587.0	6711.0	4314.0	4678.0	5464.0	3464.0	3824.0	4453.0	3489.0	1885.0	960.0	2304.0	3256.0	2227.0	2777.0	3048.0	3737.0	3963.0	6437.0	10094.0	16419.0	28659.0	48738.0	76145.0	118282.0	172937.0	241970.0	325246.0	427142.0	545643.0	719651.0	1069482.0	1636107.0	1457356.0	2272300.0	5115788.0	34085919.0
PDAC201T_F8-9kf1_rev	1854.0	6459.0	22449.0	277481.0	1542829.0	72966.0	13349.0	1870.0	1236.0	1407.0	1276.0	1494.0	1930.0	4290.0	8571.0	13101.0	20287.0	33536.0	48241.0	63134.0	75729.0	85380.0	99305.0	113963.0	132763.0	155508.0	180430.0	204612.0	244202.0	293720.0	352676.0	423121.0	504059.0	603050.0	774073.0	1152047.0	1673653.0	1563642.0	2538525.0	6192091.0	30868825.0
PDAC201Tkf1_fwd	1625.0	8490.0	53037.0	1308879.0	18603.0	5708.0	3100.0	1093.0	2165.0	2563.0	2796.0	1663.0	1056.0	703.0	555.0	1517.0	2339.0	1731.0	2217.0	3008.0	4087.0	6071.0	12585.0	25519.0	49824.0	93632.0	162891.0	261558.0	397937.0	572793.0	782605.0	1030302.0	1311640.0	1629585.0	2078128.0	2942554.0	4370753.0	3916281.0	5896897.0	12914660.0	92680864.0
PDAC201Tkf1_rev	4424.0	4915.0	22091.0	390200.0	920977.0	32090.0	8734.0	1731.0	1134.0	1157.0	1097.0	1230.0	2055.0	3908.0	8874.0	19337.0	44781.0	88734.0	137834.0	183973.0	227006.0	268290.0	319366.0	375780.0	439390.0	512737.0	598880.0	692734.0	823006.0	981389.0	1179096.0	1408672.0	1642632.0	1928214.0	2407264.0	3427713.0	4815976.0	4872149.0	7870579.0	19243601.0	76650264.0
PDAC202T_F8-9kf1_fwd	38.0	209.0	1324.0	28160.0	698.0	143.0	172.0	79.0	77.0	54.0	91.0	48.0	67.0	75.0	110.0	285.0	382.0	292.0	372.0	506.0	769.0	1226.0	2764.0	5906.0	11986.0	23964.0	44215.0	73266.0	114060.0	166333.0	230695.0	306364.0	391242.0	487409.0	628778.0	920226.0	1515541.0	1144696.0	1679557.0	3473176.0	34912030.0
PDAC202T_F8-9kf1_rev	20.0	140.0	393.0	8386.0	20382.0	799.0	270.0	146.0	165.0	222.0	259.0	339.0	1292.0	1304.0	3315.0	8900.0	23709.0	48135.0	71844.0	87570.0	98844.0	109975.0	120626.0	135450.0	151197.0	169216.0	191102.0	214557.0	243579.0	280433.0	327249.0	384687.0	459641.0	562624.0	733380.0	1095891.0	1628102.0	1483952.0	2343862.0	5555134.0	29600294.0
PDAC202Tkf1_fwd	495.0	3518.0	21158.0	522512.0	7137.0	1809.0	762.0	2043.0	1457.0	1633.0	826.0	1512.0	1053.0	953.0	348.0	590.0	650.0	532.0	675.0	904.0	1339.0	2529.0	5796.0	13028.0	26643.0	52967.0	96317.0	159990.0	248418.0	361614.0	499174.0	662495.0	849361.0	1060917.0	1360075.0	1967685.0	3152741.0	2507626.0	3672548.0	7561958.0	72117991.0
PDAC202Tkf1_rev	270.0	3031.0	8875.0	197957.0	328922.0	12559.0	3826.0	997.0	933.0	962.0	889.0	965.0	2878.0	3334.0	8556.0	24389.0	68910.0	144134.0	212888.0	257221.0	283045.0	305299.0	330911.0	362673.0	401026.0	444116.0	495076.0	551755.0	622154.0	712691.0	831047.0	978895.0	1153651.0	1372843.0	1733155.0	2491938.0	3537939.0	3430436.0	5359112.0	12631417.0	57640104.0
PDAC203T_F8-9kf1_fwd	1657.0	17408.0	116767.0	3545186.0	47750.0	11216.0	5088.0	5767.0	8429.0	5971.0	7515.0	7994.0	5860.0	2960.0	1535.0	3589.0	5140.0	3329.0	3884.0	4333.0	5056.0	5206.0	8242.0	11714.0	16439.0	27278.0	45362.0	68443.0	104623.0	150446.0	207810.0	278780.0	363460.0	459993.0	602755.0	882343.0	1324158.0	1214264.0	1884837.0	4239648.0	28052875.0
PDAC203T_F8-9kf1_rev	2979.0	11855.0	44587.0	586676.0	2917561.0	139519.0	26230.0	3095.0	1976.0	2127.0	1799.0	2065.0	2816.0	6635.0	13068.0	18185.0	23488.0	35125.0	48297.0	63528.0	77085.0	86508.0	100350.0	115873.0	133768.0	155823.0	181773.0	204229.0	246236.0	296227.0	356351.0	424887.0	495800.0	582287.0	728440.0	1040440.0	1452343.0	1426799.0	2318309.0	5710117.0	23679854.0
PDAC203Tkf1_fwd	333.0	3597.0	21347.0	370885.0	6307.0	1559.0	842.0	791.0	1132.0	1092.0	1261.0	1184.0	907.0	530.0	617.0	1639.0	3378.0	2186.0	3025.0	4804.0	7210.0	8234.0	14763.0	23419.0	42620.0	76422.0	125871.0	190638.0	286317.0	406941.0	551931.0	723717.0	912595.0	1123500.0	1421962.0	1963518.0	2856219.0	2576820.0	3707376.0	7676638.0	53538023.0
PDAC203Tkf1_rev	274.0	3019.0	8007.0	138703.0	239357.0	9806.0	2739.0	497.0	478.0	460.0	414.0	571.0	945.0	3080.0	9281.0	15795.0	35938.0	71713.0	112137.0	147764.0	179022.0	206108.0	242082.0	283410.0	330969.0	382255.0	437488.0	493771.0	572940.0	670159.0	788276.0	936807.0	1121234.0	1345422.0	1680391.0	2347742.0	3105856.0	3213414.0	5069616.0	12194975.0	42259235.0
PDAC204T_F8-9kf1_fwd	201.0	700.0	3967.0	86977.0	1812.0	466.0	348.0	254.0	282.0	326.0	326.0	535.0	564.0	584.0	711.0	588.0	699.0	827.0	1079.0	1136.0	1264.0	1675.0	2971.0	5505.0	9912.0	17277.0	29942.0	46868.0	70970.0	101352.0	137554.0	181022.0	228316.0	282597.0	359524.0	528536.0	843370.0	659008.0	988393.0	2205066.0	20913087.0
PDAC204T_F8-9kf1_rev	120.0	392.0	1111.0	18471.0	70508.0	2631.0	701.0	315.0	341.0	473.0	437.0	594.0	694.0	1196.0	2396.0	4964.0	11217.0	21674.0	30978.0	38138.0	44216.0	49791.0	57245.0	65680.0	75380.0	86182.0	99782.0	112940.0	131896.0	156945.0	189130.0	230176.0	274085.0	320135.0	400283.0	597411.0	905594.0	778483.0	1243972.0	3100958.0	18588956.0
PDAC204Tkf1_fwd	113.0	355.0	2132.0	46386.0	1256.0	276.0	205.0	159.0	160.0	204.0	236.0	302.0	303.0	370.0	429.0	425.0	531.0	701.0	934.0	1378.0	2030.0	3427.0	7301.0	14891.0	30123.0	57135.0	100640.0	162694.0	248253.0	356678.0	486718.0	639477.0	809330.0	1002910.0	1271327.0	1812066.0	2863646.0	2293347.0	3348104.0	7028819.0	66441922.0
PDAC204Tkf1_rev	80.0	262.0	670.0	15298.0	32418.0	1134.0	417.0	250.0	273.0	346.0	385.0	603.0	1773.0	2494.0	6383.0	15278.0	37417.0	74531.0	112807.0	141811.0	163963.0	185611.0	210610.0	238603.0	272807.0	311565.0	356491.0	404139.0	467733.0	545284.0	646256.0	779934.0	942896.0	1134008.0	1431781.0	2089777.0	3095723.0	2848019.0	4486197.0	10921174.0	57060492.0
PDAC205T_F8-9kf1_fwd	605.0	5026.0	36931.0	1191321.0	18908.0	5458.0	3705.0	1275.0	1652.0	2192.0	2211.0	1232.0	920.0	601.0	476.0	1273.0	1887.0	1531.0	1668.0	2176.0	2792.0	3289.0	5868.0	9946.0	16922.0	30013.0	51251.0	80472.0	124458.0	181976.0	253919.0	341664.0	448576.0	572599.0	758612.0	1141543.0	1745238.0	1527080.0	2394509.0	5511063.0	37792910.0
PDAC205T_F8-9kf1_rev	989.0	3947.0	15593.0	204556.0	973217.0	41996.0	8351.0	1496.0	1051.0	1165.0	1075.0	1130.0	1462.0	3059.0	6043.0	10843.0	19542.0	36252.0	56076.0	75036.0	90641.0	104239.0	120832.0	139250.0	161311.0	188024.0	217720.0	247985.0	290494.0	345458.0	411978.0	492454.0	588120.0	710849.0	913271.0	1340209.0	1892491.0	1846083.0	2993724.0	7252119.0	32465617.0
PDAC205Tkf1_fwd	539.0	5428.0	39031.0	1119217.0	17241.0	4317.0	3516.0	2431.0	2463.0	1082.0	3048.0	1570.0	1492.0	562.0	458.0	1435.0	2162.0	1601.0	2005.0	2457.0	2945.0	3726.0	6961.0	12334.0	22854.0	41493.0	71790.0	114954.0	177437.0	258913.0	363904.0	492140.0	645649.0	830672.0	1092403.0	1628140.0	2368440.0	2252897.0	3584572.0	8693705.0	50501675.0
PDAC205Tkf1_rev	426.0	3917.0	17846.0	249794.0	865910.0	35906.0	8579.0	2782.0	2077.0	2340.0	2274.0	2381.0	2687.0	4010.0	8307.0	19020.0	49012.0	109306.0	178786.0	236821.0	274828.0	305061.0	340946.0	380857.0	426827.0	476355.0	534915.0	599765.0	680407.0	781370.0	899240.0	1039301.0	1204654.0	1420497.0	1755033.0	2388951.0	3091595.0	3486355.0	5556763.0	12551338.0	34382420.0
PDAC206T_F8-9kf1_fwd	386.0	3599.0	26550.0	862359.0	12928.0	2917.0	2098.0	1866.0	1658.0	1109.0	1174.0	1378.0	929.0	517.0	229.0	884.0	1387.0	897.0	1145.0	1272.0	1491.0	1796.0	3086.0	5143.0	9249.0	16845.0	29807.0	48157.0	75548.0	111684.0	157627.0	214411.0	282464.0	362988.0	483300.0	741686.0	1142683.0	976308.0	1554033.0	3728417.0	25255919.0
PDAC206T_F8-9kf1_rev	350.0	3206.0	14027.0	196159.0	655018.0	28688.0	6290.0	1509.0	970.0	1105.0	984.0	955.0	1192.0	2120.0	4187.0	7667.0	15568.0	31014.0	50132.0	68145.0	83775.0	96715.0	112033.0	130163.0	150223.0	171203.0	197524.0	223478.0	259150.0	301659.0	351431.0	415656.0	494023.0	595373.0	758740.0	1069330.0	1414489.0	1532052.0	2473532.0	5710593.0	18497496.0
PDAC206Tkf1_fwd	1011.0	10525.0	68448.0	1168487.0	21664.0	6306.0	4647.0	6211.0	5928.0	3335.0	6230.0	3444.0	3184.0	2064.0	2928.0	8923.0	17326.0	10794.0	14800.0	22497.0	31996.0	31748.0	46688.0	59033.0	96621.0	164471.0	258662.0	367591.0	552974.0	783071.0	1070498.0	1408775.0	1773760.0	2173320.0	2746959.0	3801750.0	5419778.0	4840994.0	6998666.0	14218734.0	98962559.0
PDAC206Tkf1_rev	756.0	9140.0	18688.0	327635.0	886366.0	31439.0	7650.0	1491.0	1120.0	1478.0	1257.0	1828.0	3147.0	9870.0	30061.0	36182.0	71658.0	129796.0	195308.0	254409.0	310991.0	335421.0	395721.0	465506.0	547813.0	635369.0	721330.0	782072.0	932994.0	1105865.0	1307634.0	1569870.0	1872215.0	2235884.0	2838635.0	3998477.0	5571706.0	5382537.0	8362484.0	18926537.0	86879060.0
PDAC207T_F8-9kf1_fwd	562.0	5732.0	34799.0	609111.0	13179.0	3111.0	2568.0	2509.0	1994.0	2005.0	2334.0	2406.0	2391.0	1565.0	1363.0	3866.0	7360.0	4773.0	6838.0	10659.0	15274.0	16092.0	23985.0	30869.0	47041.0	77257.0	114386.0	153745.0	220054.0	301979.0	404917.0	528040.0	653209.0	787511.0	989112.0	1336035.0	1885437.0	1722494.0	2461970.0	4932445.0	33518286.0
PDAC207T_F8-9kf1_rev	436.0	3407.0	7922.0	132788.0	492859.0	25273.0	5115.0	1414.0	1182.0	1197.0	1003.0	1273.0	2244.0	8046.0	21662.0	32238.0	62212.0	109566.0	151643.0	176093.0	194515.0	198460.0	220197.0	244091.0	277364.0	312786.0	344941.0	371906.0	431466.0	500910.0	583058.0	686559.0	799482.0	928560.0	1142977.0	1544410.0	2036417.0	2079671.0	3136741.0	6801627.0	26865552.0
PDAC207Tkf1_fwd	347.0	3404.0	21160.0	377101.0	6891.0	1803.0	1195.0	946.0	1256.0	1126.0	1263.0	1428.0	1105.0	576.0	599.0	1824.0	3052.0	2080.0	3070.0	4877.0	7426.0	9426.0	16092.0	26525.0	47057.0	82344.0	128794.0	186136.0	273117.0	379649.0	512494.0	671303.0	843699.0	1034233.0	1294906.0	1750479.0	2473385.0	2322223.0	3329476.0	6690362.0	45604541.0
PDAC207Tkf1_rev	243.0	2249.0	5603.0	92917.0	292901.0	12950.0	2929.0	718.0	573.0	500.0	467.0	603.0	895.0	2702.0	7264.0	11506.0	25217.0	49534.0	78699.0	105600.0	131059.0	151107.0	181954.0	217707.0	260585.0	306309.0	355680.0	401856.0	474752.0	561301.0	668494.0	805260.0	965942.0	1146682.0	1409071.0	1921958.0	2620630.0	2619214.0	4014173.0	9110888.0	39100078.0
PDAC208T_F8-9kf1_fwd	1854.0	15673.0	115137.0	4028592.0	64640.0	16979.0	13916.0	18527.0	19061.0	4175.0	13504.0	5502.0	6439.0	1665.0	1565.0	3590.0	5090.0	3510.0	4031.0	4537.0	4881.0	4869.0	7662.0	9862.0	13608.0	22101.0	35559.0	52512.0	79845.0	114893.0	159082.0	213126.0	277922.0	347781.0	455302.0	679098.0	1037673.0	900355.0	1413712.0	3305737.0	23980979.0
PDAC208T_F8-9kf1_rev	1423.0	13319.0	58447.0	845388.0	3168806.0	123546.0	26786.0	6236.0	3182.0	3399.0	3356.0	2726.0	3459.0	6075.0	10715.0	19808.0	28163.0	36835.0	46474.0	59835.0	71946.0	79107.0	90997.0	103383.0	120375.0	140569.0	162608.0	180029.0	214037.0	253373.0	299704.0	358697.0	427392.0	518401.0	661181.0	941658.0	1266008.0	1371815.0	2255951.0	5388923.0	18090414.0
PDAC208Tkf1_fwd	863.0	8984.0	50541.0	892366.0	14714.0	3140.0	1250.0	3330.0	2873.0	3508.0	2592.0	3532.0	2862.0	2020.0	1233.0	3457.0	6250.0	3946.0	5934.0	9135.0	13644.0	14418.0	23881.0	33474.0	58760.0	104353.0	168333.0	247328.0	368104.0	518461.0	703587.0	922120.0	1155536.0	1411289.0	1779238.0	2432540.0	3463965.0	3192865.0	4653773.0	9588042.0	61921562.0
PDAC208Tkf1_rev	1291.0	6941.0	19479.0	481899.0	438227.0	15300.0	5814.0	1436.0	1422.0	1296.0	1117.0	1249.0	2063.0	6137.0	15384.0	21950.0	45305.0	85578.0	130996.0	173592.0	214763.0	244834.0	290042.0	341128.0	398276.0	459302.0	521503.0	580510.0	677258.0	795018.0	934759.0	1105081.0	1301042.0	1553707.0	1949108.0	2731803.0	3662783.0	3809335.0	6091955.0	14188671.0	50490449.0
PDAC209T_F8-9kf1_fwd	372.0	522.0	2518.0	49930.0	1007.0	350.0	239.0	192.0	214.0	187.0	168.0	342.0	514.0	754.0	773.0	659.0	792.0	915.0	1071.0	1261.0	1658.0	2496.0	4609.0	8706.0	15998.0	28684.0	48609.0	76862.0	114684.0	160919.0	215994.0	278612.0	349403.0	425774.0	539821.0	780267.0	1170259.0	991721.0	1543619.0	3720277.0	25010076.0
PDAC209T_F8-9kf1_rev	91.0	254.0	789.0	13164.0	37923.0	1521.0	395.0	137.0	174.0	192.0	196.0	287.0	408.0	1078.0	2100.0	3637.0	8140.0	16205.0	25099.0	33504.0	42143.0	50383.0	61526.0	73534.0	87695.0	103801.0	123554.0	141173.0	167433.0	200352.0	234563.0	282297.0	340658.0	415381.0	536667.0	804669.0	1199955.0	1068346.0	1707886.0	4129151.0	23635367.0
PDAC209Tkf1_fwd	132.0	520.0	2963.0	73240.0	1652.0	457.0	390.0	226.0	223.0	255.0	257.0	391.0	426.0	644.0	861.0	791.0	1252.0	1685.0	2091.0	2623.0	3541.0	4536.0	8675.0	15669.0	28032.0	51102.0	87503.0	137374.0	207634.0	295359.0	401391.0	525896.0	664752.0	817889.0	1044985.0	1513469.0	2381350.0	1898059.0	2838248.0	6336561.0	57673428.0
PDAC209Tkf1_rev	76.0	316.0	896.0	15787.0	59006.0	2288.0	679.0	311.0	360.0	471.0	483.0	724.0	1252.0	3339.0	9133.0	19635.0	44680.0	85256.0	122044.0	147347.0	163711.0	177180.0	195495.0	217436.0	243873.0	274084.0	310910.0	344612.0	398478.0	463368.0	547802.0	653719.0	769280.0	905330.0	1140841.0	1684507.0	2559221.0	2222946.0	3487381.0	8359033.0	51393242.0
PDAC210T_F8-9kf1_fwd	1250.0	10128.0	74456.0	2541908.0	37240.0	8978.0	5462.0	5462.0	6509.0	3436.0	3480.0	4529.0	3129.0	1622.0	746.0	2148.0	2851.0	1738.0	2127.0	2343.0	2333.0	2275.0	3772.0	6115.0	10422.0	18405.0	31545.0	50224.0	78087.0	112925.0	156479.0	210138.0	274604.0	349809.0	461254.0	687727.0	1053502.0	943206.0	1494783.0	3543979.0	24042376.0
PDAC210T_F8-9kf1_rev	1064.0	8746.0	38681.0	561208.0	1943105.0	81877.0	17488.0	4041.0	2201.0	2477.0	2291.0	1974.0	2403.0	4188.0	7774.0	13335.0	19097.0	29910.0	43393.0	60797.0	74692.0	86653.0	101841.0	119738.0	140379.0	163846.0	190598.0	215651.0	249016.0	289487.0	339547.0	400922.0	475248.0	572206.0	724167.0	1014677.0	1344544.0	1491289.0	2415096.0	5660998.0	17336857.0
PDAC210Tkf1_fwd	354.0	3662.0	25609.0	696003.0	9843.0	2483.0	1545.0	1524.0	1547.0	1167.0	1029.0	1326.0	1057.0	556.0	335.0	783.0	977.0	707.0	981.0	1340.0	1622.0	2389.0	5088.0	10550.0	21020.0	39535.0	69026.0	112785.0	172134.0	250688.0	345345.0	466547.0	610848.0	784705.0	1038833.0	1554199.0	2289731.0	2148841.0	3427127.0	8316679.0	48234074.0
PDAC210Tkf1_rev	319.0	2426.0	11204.0	156055.0	541085.0	23107.0	5746.0	2174.0	1865.0	1940.0	1873.0	2083.0	2253.0	3335.0	6463.0	17482.0	49862.0	113579.0	185016.0	241449.0	277527.0	306601.0	340973.0	379210.0	424281.0	475656.0	534969.0	600596.0	678160.0	773833.0	887421.0	1025143.0	1187295.0	1401280.0	1729409.0	2341833.0	3006645.0	3399697.0	5363714.0	12000298.0	32150737.0
PDAC211T_F8-9kf1_fwd	92.0	244.0	1626.0	34465.0	722.0	239.0	204.0	136.0	191.0	212.0	210.0	415.0	459.0	607.0	617.0	570.0	809.0	1047.0	1342.0	1506.0	1899.0	2636.0	5008.0	9193.0	17175.0	31402.0	52724.0	81379.0	122602.0	172613.0	230482.0	297471.0	373021.0	455049.0	578689.0	840933.0	1272828.0	1059931.0	1654472.0	3976181.0	29085545.0
PDAC211T_F8-9kf1_rev	48.0	121.0	421.0	7872.0	27478.0	1177.0	313.0	201.0	244.0	343.0	347.0	521.0	748.0	1903.0	4446.0	7619.0	14402.0	25991.0	37115.0	45888.0	53058.0	60769.0	71052.0	82947.0	97308.0	114046.0	133828.0	151248.0	180610.0	214696.0	254010.0	306806.0	370791.0	446542.0	573818.0	853814.0	1310372.0	1128920.0	1797282.0	4264293.0	27723538.0
PDAC211Tkf1_fwd	76.0	413.0	2227.0	46873.0	930.0	308.0	337.0	182.0	179.0	211.0	205.0	336.0	369.0	458.0	681.0	586.0	886.0	1123.0	1435.0	1917.0	2921.0	4603.0	9432.0	18509.0	36632.0	67689.0	116642.0	185162.0	280000.0	397616.0	542167.0	713155.0	903125.0	1125327.0	1443875.0	2125245.0	3330883.0	2659972.0	3997046.0	8954581.0	79020981.0
PDAC211Tkf1_rev	39.0	243.0	710.0	12310.0	35753.0	1335.0	402.0	279.0	309.0	433.0	491.0	653.0	1024.0	3431.0	10796.0	26026.0	61894.0	118754.0	173482.0	208154.0	231096.0	251521.0	278237.0	308805.0	346062.0	388188.0	436918.0	488806.0	558562.0	647404.0	758238.0	904299.0	1075698.0	1278659.0	1617918.0	2426714.0	3538685.0	3264956.0	5232977.0	13128553.0	68176481.0
PDAC212T_F8-9kf1_fwd	1183.0	10351.0	62653.0	2055054.0	35505.0	7439.0	5932.0	8787.0	5920.0	3200.0	3207.0	4174.0	4333.0	2959.0	881.0	2178.0	3294.0	2363.0	2849.0	3116.0	3669.0	4308.0	7044.0	10961.0	17785.0	29557.0	49117.0	76054.0	116596.0	169694.0	237384.0	320512.0	419211.0	535947.0	713386.0	1079736.0	1601653.0	1428117.0	2309815.0	5871262.0	34174024.0
PDAC212T_F8-9kf1_rev	867.0	8650.0	24529.0	295836.0	1720977.0	107262.0	15387.0	2452.0	1773.0	1795.0	1867.0	1870.0	2202.0	3668.0	8480.0	17001.0	28037.0	47243.0	68076.0	86832.0	98288.0	105787.0	117807.0	132423.0	149447.0	170737.0	194720.0	218742.0	255844.0	300286.0	353735.0	420872.0	500735.0	603261.0	782029.0	1203434.0	1660048.0	1634422.0	2791241.0	7803709.0	29458839.0
PDAC213T_F8-9kf1_fwd	1203.0	7972.0	55358.0	2205452.0	33795.0	10944.0	14682.0	5019.0	6748.0	2198.0	5736.0	3003.0	3508.0	1138.0	749.0	1574.0	2159.0	1435.0	1674.0	1813.0	1919.0	2051.0	3406.0	5286.0	7760.0	13471.0	21646.0	32609.0	50220.0	73214.0	102406.0	141200.0	185771.0	238325.0	321383.0	493860.0	749833.0	657562.0	1077900.0	2774622.0	17697700.0
PDAC213T_F8-9kf1_rev	618.0	5776.0	23046.0	248765.0	1823993.0	187201.0	20658.0	3856.0	2199.0	2028.0	1916.0	1727.0	2266.0	3415.0	6402.0	13734.0	19554.0	26253.0	33676.0	39929.0	43362.0	45993.0	51190.0	58152.0	66680.0	77463.0	91118.0	103796.0	126764.0	153075.0	179130.0	211273.0	252002.0	308693.0	406645.0	624719.0	841595.0	894236.0	1584205.0	4557329.0	13873872.0
PDAC213Tkf1_fwd	1929.0	11945.0	74185.0	2715218.0	39500.0	8931.0	3501.0	12417.0	7303.0	7724.0	3154.0	6144.0	4755.0	6433.0	1108.0	2323.0	3764.0	2566.0	3323.0	3890.0	4686.0	5862.0	11092.0	19222.0	32457.0	56799.0	96432.0	148977.0	228023.0	329167.0	456440.0	613213.0	800338.0	1021217.0	1353384.0	2024156.0	2994903.0	2819806.0	4571539.0	11233000.0	65490550.0
PDAC213Tkf1_rev	1510.0	16166.0	60438.0	1007755.0	1654772.0	80470.0	18104.0	5175.0	3835.0	3750.0	2870.0	2415.0	2891.0	6585.0	14632.0	22620.0	36526.0	63968.0	94595.0	122560.0	146763.0	171116.0	200407.0	236394.0	280302.0	332178.0	398211.0	470376.0	571080.0	691627.0	825961.0	980119.0	1160985.0	1414809.0	1839774.0	2725857.0	3632080.0	4111783.0	7032321.0	18197831.0	48589765.0
PDAC214T_F8-9kf1_fwd	3152.0	16132.0	114676.0	4690256.0	112665.0	20885.0	9531.0	2990.0	2519.0	2561.0	2463.0	2821.0	3438.0	2275.0	1769.0	1509.0	1835.0	2329.0	2706.0	3011.0	2778.0	2949.0	4685.0	6700.0	10504.0	17595.0	29048.0	43149.0	67137.0	98412.0	139368.0	191193.0	252494.0	324422.0	435324.0	668765.0	1006916.0	900645.0	1480584.0	3787579.0	23242197.0
PDAC214T_F8-9kf1_rev	1563.0	13656.0	57707.0	617589.0	3846521.0	306931.0	37066.0	7490.0	4172.0	4358.0	4581.0	3841.0	3782.0	5251.0	9076.0	22023.0	35683.0	46310.0	52741.0	60057.0	62417.0	65033.0	71016.0	79149.0	91382.0	105359.0	124211.0	140057.0	170823.0	204023.0	241210.0	285929.0	343570.0	420851.0	554484.0	851327.0	1124764.0	1218791.0	2171110.0	6240653.0	18005410.0
PDAC214Tkf1_fwd	1564.0	9949.0	68984.0	2666176.0	76693.0	11877.0	4837.0	1892.0	1684.0	1849.0	1559.0	2027.0	1547.0	1247.0	1413.0	1301.0	1602.0	1992.0	2456.0	2920.0	3580.0	4287.0	7430.0	11812.0	19013.0	32381.0	52242.0	79691.0	118378.0	169669.0	234387.0	315679.0	412259.0	527574.0	703528.0	1064426.0	1540958.0	1453312.0	2388981.0	6160776.0	32745688.0
PDAC214Tkf1_rev	722.0	7891.0	32532.0	378076.0	2186979.0	168373.0	22054.0	4849.0	2855.0	2891.0	3064.0	2791.0	2960.0	4467.0	8830.0	18860.0	32697.0	53657.0	76168.0	94491.0	104623.0	112288.0	125366.0	141090.0	161460.0	187182.0	217672.0	248633.0	295883.0	350957.0	414561.0	491169.0	587119.0	719383.0	933653.0	1383991.0	1786370.0	2035553.0	3591182.0	9827957.0	24088321.0
PDAC215T_F8-9kf1_fwd	2987.0	23517.0	144667.0	4863764.0	91781.0	17875.0	7185.0	2857.0	2278.0	2249.0	2269.0	2342.0	2305.0	2603.0	2621.0	2212.0	3026.0	3733.0	4764.0	5283.0	5914.0	5440.0	7940.0	8880.0	8157.0	11284.0	17559.0	24276.0	36027.0	52234.0	71917.0	97399.0	127347.0	160820.0	212293.0	306003.0	430907.0	437823.0	707121.0	1768859.0	9384824.0
PDAC215T_F8-9kf1_rev	1710.0	21032.0	57285.0	694911.0	4028886.0	237285.0	33323.0	3663.0	2399.0	2791.0	2359.0	2570.0	3810.0	6761.0	12493.0	23345.0	28761.0	34172.0	38374.0	45983.0	47813.0	46100.0	48128.0	50546.0	55397.0	63459.0	71604.0	78271.0	94671.0	114498.0	134651.0	158583.0	183590.0	214915.0	268003.0	376143.0	493803.0	563259.0	991785.0	2782628.0	6953582.0
PDAC215Tkf1_fwd	2395.0	15955.0	110546.0	3513769.0	81648.0	14449.0	6038.0	2628.0	2189.0	2019.0	1960.0	2324.0	2523.0	2119.0	2403.0	2427.0	3162.0	4217.0	5106.0	5991.0	7540.0	9049.0	15823.0	26296.0	43734.0	75189.0	121030.0	180392.0	270654.0	385341.0	531422.0	710790.0	920379.0	1168984.0	1530381.0	2235074.0	3215239.0	3060911.0	4882700.0	12081434.0	66938314.0
PDAC215Tkf1_rev	1401.0	15406.0	45364.0	596480.0	2848326.0	157304.0	25005.0	3943.0	3131.0	3546.0	3662.0	3489.0	4019.0	7034.0	15066.0	30260.0	55210.0	101266.0	151031.0	193683.0	221535.0	246210.0	277495.0	314660.0	360636.0	415184.0	481470.0	546977.0	649581.0	772555.0	911639.0	1073244.0	1256043.0	1487003.0	1873940.0	2699114.0	3554216.0	3762445.0	6366538.0	17283623.0	53375810.0
PDAC216T_F8-9kf1_fwd	747.0	7704.0	40628.0	924595.0	20847.0	3949.0	1577.0	953.0	801.0	819.0	759.0	813.0	653.0	551.0	593.0	528.0	719.0	934.0	1145.0	1264.0	1607.0	2160.0	4462.0	8979.0	17729.0	32557.0	56537.0	88954.0	133131.0	185408.0	247719.0	320843.0	402081.0	496897.0	636493.0	898598.0	1210971.0	1306119.0	2126460.0	4889733.0	16818607.0
PDAC216T_F8-9kf1_rev	392.0	4794.0	12522.0	232620.0	699404.0	30205.0	5648.0	695.0	550.0	619.0	617.0	649.0	840.0	1938.0	3592.0	5170.0	7620.0	12597.0	17439.0	24416.0	31645.0	39144.0	49792.0	62601.0	77611.0	95114.0	114858.0	135154.0	163485.0	198119.0	237444.0	288637.0	352472.0	433472.0	561869.0	818255.0	1124821.0	1149353.0	1854564.0	4468587.0	17577300.0
PDAC216Tkf1_fwd	647.0	9443.0	41224.0	712401.0	15420.0	2913.0	1566.0	775.0	613.0	652.0	526.0	539.0	401.0	430.0	482.0	483.0	695.0	832.0	1093.0	1432.0	2255.0	3862.0	8509.0	17865.0	36593.0	69401.0	121634.0	195880.0	299634.0	431963.0	593531.0	784972.0	1002205.0	1256873.0	1600387.0	2262568.0	3150038.0	3038823.0	4666144.0	10911438.0	57656891.0
PDAC216Tkf1_rev	322.0	4729.0	15452.0	216148.0	513032.0	17604.0	4175.0	713.0	671.0	810.0	784.0	919.0	975.0	1647.0	3885.0	12382.0	36398.0	78019.0	124975.0	167693.0	203425.0	239283.0	279656.0	324081.0	374119.0	429779.0	494841.0	567976.0	659413.0	769936.0	909094.0	1083322.0	1284925.0	1536163.0	1922729.0	2731122.0	3466557.0	3886647.0	6558371.0	17609934.0	42371327.0
PDAC217T_F8-9kf1_fwd	1819.0	14052.0	76172.0	2082061.0	47783.0	8167.0	3484.0	1654.0	1450.0	1429.0	1345.0	1710.0	1664.0	1401.0	1582.0	1506.0	2022.0	2539.0	3099.0	3328.0	3592.0	3736.0	5817.0	8278.0	12111.0	19584.0	32084.0	49108.0	74434.0	108836.0	151076.0	204188.0	265865.0	340809.0	449605.0	668979.0	968375.0	909006.0	1463131.0	3667707.0	19524120.0
PDAC217T_F8-9kf1_rev	1158.0	10140.0	31425.0	403068.0	1642727.0	90818.0	15075.0	2300.0	1706.0	2090.0	1989.0	1869.0	2202.0	3827.0	8498.0	18507.0	29106.0	44271.0	58037.0	69223.0	75884.0	80782.0	88121.0	97943.0	109756.0	124102.0	141331.0	157431.0	182809.0	214525.0	250811.0	295442.0	351982.0	422168.0	542934.0	801606.0	1038786.0	1123646.0	1931466.0	5448256.0	15270891.0
PDAC217Tkf1_fwd	2003.0	23031.0	100970.0	1907924.0	39193.0	8557.0	3861.0	2015.0	1625.0	1437.0	1377.0	1266.0	1163.0	952.0	1055.0	965.0	1279.0	1674.0	2058.0	2417.0	2968.0	4090.0	7687.0	14594.0	27303.0	50577.0	87663.0	140160.0	213842.0	309446.0	426885.0	565838.0	729946.0	917332.0	1179235.0	1669198.0	2342707.0	2265228.0	3495656.0	8129864.0	43729081.0
PDAC217Tkf1_rev	1399.0	11463.0	31484.0	471939.0	1470373.0	55231.0	11349.0	1548.0	1338.0	1419.0	1262.0	1276.0	1674.0	2796.0	6256.0	16276.0	34595.0	62053.0	92384.0	120967.0	144336.0	166186.0	193467.0	224993.0	260086.0	299162.0	345775.0	398159.0	465720.0	551058.0	657073.0	785389.0	919177.0	1077094.0	1331676.0	1893678.0	2516644.0	2616958.0	4288699.0	11275421.0	35606289.0
PDAC218T_F8-9kf1_fwd	452.0	4044.0	25674.0	713057.0	16000.0	2720.0	1135.0	414.0	346.0	294.0	321.0	321.0	311.0	274.0	337.0	342.0	466.0	629.0	736.0	805.0	1083.0	1458.0	2661.0	5023.0	9783.0	18428.0	33185.0	54284.0	86920.0	130650.0	187270.0	259562.0	346437.0	451150.0	609308.0	947746.0	1394957.0	1242342.0	1979319.0	5053132.0	29777983.0
PDAC218T_F8-9kf1_rev	230.0	2579.0	8658.0	104406.0	593792.0	38218.0	5338.0	1160.0	939.0	1003.0	1013.0	1073.0	1177.0	1414.0	2693.0	6806.0	15336.0	31767.0	52005.0	69923.0	82809.0	92801.0	104687.0	117049.0	134105.0	152100.0	173841.0	197086.0	228365.0	267751.0	314928.0	374020.0	447965.0	546798.0	713378.0	1089810.0	1484103.0	1495469.0	2546436.0	7112981.0	24745347.0
PDAC218Tkf1_fwd	1340.0	19054.0	80744.0	1448143.0	32138.0	6027.0	2731.0	1590.0	1266.0	1234.0	1134.0	1129.0	786.0	622.0	725.0	653.0	802.0	1079.0	1516.0	1890.0	2687.0	4076.0	8092.0	16025.0	31330.0	58436.0	102611.0	167183.0	255022.0	371056.0	509196.0	673712.0	861190.0	1077118.0	1369248.0	1907011.0	2636685.0	2625646.0	4043911.0	9423120.0	49106628.0
PDAC218Tkf1_rev	705.0	9120.0	23803.0	378622.0	1103426.0	41425.0	8729.0	1364.0	1161.0	1188.0	1149.0	1219.0	1359.0	2285.0	6043.0	17231.0	43056.0	87490.0	135275.0	174284.0	203913.0	232244.0	263052.0	299421.0	340622.0	387076.0	441133.0	500319.0	581176.0	685085.0	810608.0	956530.0	1107485.0	1280333.0	1560887.0	2171610.0	2901246.0	3109038.0	5117279.0	13017991.0	38848604.0
PDAC219T_F8-9kf1_fwd	847.0	5822.0	40605.0	1360319.0	25683.0	5085.0	2061.0	714.0	554.0	623.0	574.0	705.0	779.0	891.0	779.0	676.0	860.0	1109.0	1321.0	1366.0	1453.0	1479.0	2605.0	4336.0	7844.0	13957.0	23325.0	36708.0	57485.0	83822.0	120307.0	165158.0	220008.0	287899.0	384559.0	573085.0	821019.0	797532.0	1276193.0	3140290.0	16493124.0
PDAC219T_F8-9kf1_rev	533.0	5051.0	16039.0	187039.0	1124762.0	76468.0	10173.0	1860.0	1411.0	1525.0	1551.0	1646.0	1811.0	3351.0	7765.0	17510.0	32804.0	56531.0	77666.0	90440.0	95374.0	97451.0	102111.0	111105.0	121856.0	135783.0	152556.0	169743.0	195467.0	226592.0	262384.0	307814.0	359688.0	429114.0	540493.0	763273.0	971256.0	1119982.0	1915647.0	5176744.0	10993192.0
PDAC219Tkf1_fwd	932.0	9506.0	59613.0	1522892.0	39072.0	6364.0	2863.0	1331.0	1037.0	880.0	740.0	783.0	790.0	723.0	904.0	858.0	1249.0	1571.0	1914.0	2355.0	3212.0	4147.0	8800.0	17423.0	34126.0	64869.0	114075.0	184337.0	281927.0	410802.0	567457.0	754420.0	967944.0	1214450.0	1560072.0	2226197.0	3317266.0	2958958.0	4434470.0	9677186.0	69654999.0
PDAC219Tkf1_rev	614.0	8582.0	21479.0	399155.0	1141341.0	37333.0	7978.0	1653.0	1097.0	1178.0	1109.0	1328.0	1636.0	2821.0	7543.0	17789.0	39202.0	76354.0	117567.0	151963.0	179355.0	205713.0	236719.0	273748.0	317188.0	367037.0	427184.0	488851.0	573174.0	676759.0	801653.0	964880.0	1156810.0	1394712.0	1773565.0	2569561.0	3606410.0	3543220.0	5678573.0	14256320.0	58584360.0
PDAC220T_F8-9kf1_fwd	2624.0	18700.0	129234.0	4676199.0	75108.0	17075.0	10903.0	11229.0	13121.0	7071.0	6321.0	8238.0	6548.0	3575.0	1670.0	4774.0	6866.0	4536.0	5512.0	5943.0	6109.0	5637.0	8083.0	9684.0	11237.0	16844.0	26797.0	40401.0	62673.0	92109.0	129876.0	177821.0	235748.0	304154.0	398615.0	569435.0	794276.0	827672.0	1306730.0	3229979.0	18626349.0
PDAC220T_F8-9kf1_rev	1902.0	17396.0	56782.0	671608.0	3842811.0	259641.0	34092.0	4331.0	2775.0	3210.0	3057.0	2919.0	3592.0	6600.0	14058.0	27213.0	35980.0	48746.0	58780.0	71384.0	76124.0	77308.0	83492.0	91942.0	103100.0	116607.0	133580.0	146503.0	173522.0	205159.0	241253.0	284461.0	336452.0	398758.0	496920.0	686801.0	915068.0	1038694.0	1771213.0	4868143.0	14483499.0
PDAC220Tkf1_fwd	698.0	6224.0	44746.0	1187188.0	15938.0	5289.0	2785.0	1457.0	2317.0	1728.0	1769.0	830.0	639.0	522.0	709.0	3206.0	2716.0	1351.0	1458.0	1815.0	2357.0	3432.0	7416.0	15555.0	32108.0	61365.0	109650.0	178937.0	275777.0	399816.0	550340.0	730786.0	937023.0	1170968.0	1495591.0	2115785.0	3119313.0	2837272.0	4234003.0	9240624.0	64796645.0
PDAC220Tkf1_rev	606.0	7215.0	19369.0	377608.0	811743.0	26954.0	7076.0	2065.0	1376.0	1482.0	1312.0	1395.0	1540.0	2600.0	5719.0	13094.0	31149.0	64630.0	104628.0	142606.0	175741.0	207731.0	244604.0	286914.0	332867.0	388002.0	448423.0	516313.0	602013.0	706243.0	830346.0	987357.0	1175627.0	1415048.0	1785386.0	2555346.0	3472519.0	3592947.0	5841679.0	15000829.0	51408046.0
PDAC221T_F8-9kf1_fwd	1813.0	12680.0	91325.0	3302025.0	50895.0	12695.0	10373.0	6643.0	7264.0	2436.0	8277.0	3578.0	4397.0	1107.0	793.0	1792.0	2490.0	1522.0	1792.0	1816.0	1628.0	1756.0	3007.0	4012.0	6759.0	11593.0	19715.0	31142.0	48760.0	72107.0	102736.0	142336.0	188287.0	243907.0	323821.0	480451.0	701750.0	659412.0	1038607.0	2579634.0	15589499.0
PDAC221T_F8-9kf1_rev	1171.0	12369.0	39049.0	458803.0	2739265.0	170904.0	23271.0	3060.0	1860.0	1977.0	1888.0	1848.0	2111.0	3996.0	9455.0	17137.0	20901.0	26782.0	35096.0	44787.0	49281.0	51793.0	57247.0	64831.0	73981.0	84375.0	97273.0	109603.0	130060.0	155230.0	184340.0	218313.0	258859.0	310304.0	390514.0	571257.0	780978.0	804403.0	1363545.0	3752051.0	12652664.0
PDAC221Tkf1_fwd	1108.0	12689.0	79141.0	1945233.0	26822.0	5947.0	2531.0	2602.0	4369.0	3037.0	3682.0	3734.0	2614.0	1111.0	548.0	1183.0	1753.0	1164.0	1551.0	1829.0	2340.0	3282.0	6686.0	13292.0	26802.0	51483.0	93699.0	154924.0	240029.0	351004.0	488392.0	652074.0	839112.0	1056383.0	1349916.0	1880806.0	2659009.0	2615490.0	3925757.0	8705114.0	55272952.0
PDAC221Tkf1_rev	1310.0	13676.0	44028.0	781621.0	1154832.0	46780.0	11647.0	2408.0	1877.0	1581.0	1340.0	1299.0	1612.0	4243.0	10990.0	21762.0	51053.0	111200.0	180786.0	239753.0	288740.0	335496.0	385398.0	440078.0	496782.0	560660.0	634190.0	712850.0	808822.0	924915.0	1066798.0	1239339.0	1436733.0	1677075.0	2033755.0	2724028.0	3442473.0	3949037.0	6574232.0	16197447.0	33878548.0
PDAC222T_F8-9kf1_fwd	100.0	429.0	2158.0	46793.0	1102.0	254.0	201.0	137.0	154.0	221.0	273.0	429.0	447.0	468.0	532.0	477.0	693.0	867.0	974.0	1052.0	1300.0	1715.0	3193.0	5683.0	10582.0	19922.0	35395.0	58028.0	89441.0	129451.0	177168.0	232395.0	293999.0	361054.0	459496.0	663731.0	1040177.0	832654.0	1244345.0	2798996.0	27447362.0
PDAC222T_F8-9kf1_rev	59.0	235.0	756.0	13039.0	34911.0	1329.0	351.0	148.0	194.0	270.0	264.0	434.0	544.0	961.0	2104.0	4589.0	9806.0	18235.0	27246.0	35076.0	42770.0	50245.0	59862.0	70427.0	83008.0	97050.0	113663.0	131089.0	156377.0	190260.0	239577.0	308150.0	378766.0	427126.0	513417.0	750501.0	1127397.0	979103.0	1595542.0	4225798.0	24273169.0
PDAC222Tkf1_fwd	46.0	177.0	1102.0	22455.0	535.0	159.0	125.0	106.0	137.0	218.0	293.0	485.0	507.0	649.0	711.0	570.0	754.0	934.0	1205.0	1495.0	2172.0	3364.0	6998.0	14007.0	28024.0	53489.0	96430.0	157686.0	246140.0	353977.0	485552.0	639865.0	808650.0	1003887.0	1274021.0	1821474.0	2850134.0	2253982.0	3332653.0	7343376.0	68502162.0
PDAC222Tkf1_rev	25.0	96.0	275.0	5056.0	18123.0	733.0	235.0	126.0	198.0	253.0	285.0	505.0	668.0	1553.0	4061.0	10258.0	26579.0	53422.0	82414.0	105871.0	125438.0	145776.0	168447.0	194954.0	224983.0	259388.0	299826.0	341556.0	400945.0	477704.0	582797.0	720511.0	861062.0	1008496.0	1276557.0	1944535.0	2931242.0	2592768.0	4293537.0	11529206.0	60620242.0
PDAC223T_F8-9kf1_fwd	813.0	5759.0	41701.0	1449289.0	21800.0	5158.0	3444.0	3452.0	2870.0	1780.0	1770.0	2275.0	1493.0	934.0	416.0	1202.0	1589.0	856.0	1095.0	1201.0	1237.0	1357.0	2320.0	3875.0	6387.0	11022.0	18674.0	29583.0	46396.0	69056.0	98010.0	135934.0	180355.0	233077.0	313952.0	482391.0	716027.0	621631.0	978550.0	2417519.0	15354772.0
PDAC223T_F8-9kf1_rev	534.0	5327.0	19074.0	222089.0	1175920.0	81550.0	11061.0	1358.0	840.0	883.0	885.0	970.0	1081.0	2042.0	4980.0	8006.0	10272.0	15667.0	23037.0	30587.0	36188.0	40106.0	45433.0	52230.0	60768.0	70408.0	82125.0	92365.0	109444.0	129404.0	152692.0	184322.0	222591.0	273856.0	358624.0	551453.0	750690.0	748913.0	1274422.0	3569815.0	12849010.0
PDAC223Tkf1_fwd	726.0	5550.0	42533.0	1350888.0	20794.0	6146.0	4128.0	1478.0	1570.0	1991.0	1948.0	886.0	684.0	486.0	485.0	1250.0	1870.0	1481.0	1747.0	2055.0	2677.0	3558.0	6530.0	12041.0	22127.0	40413.0	69745.0	111860.0	174824.0	257680.0	366875.0	504052.0	666636.0	868792.0	1159343.0	1763235.0	2567998.0	2350603.0	3729821.0	9456424.0	54615221.0
PDAC223Tkf1_rev	511.0	5186.0	16597.0	214569.0	1100979.0	68376.0	10164.0	2037.0	1688.0	1820.0	1883.0	2100.0	2262.0	3082.0	6469.0	14681.0	31223.0	64555.0	107153.0	143230.0	168021.0	188407.0	213325.0	242195.0	275154.0	313149.0	360640.0	408902.0	476755.0	557435.0	655597.0	775453.0	920914.0	1110344.0	1421877.0	2098623.0	2818606.0	2908290.0	4890050.0	13294145.0	44302704.0
PDAC224T_F8-9kf1_fwd	578.0	6464.0	39781.0	988270.0	14353.0	3439.0	2071.0	2125.0	2305.0	1775.0	1645.0	1998.0	1636.0	832.0	325.0	804.0	1427.0	1017.0	1193.0	1280.0	1608.0	2078.0	4227.0	8050.0	15955.0	31114.0	55724.0	92787.0	145422.0	213455.0	297797.0	397361.0	511241.0	642868.0	831789.0	1203049.0	1827693.0	1566824.0	2356634.0	5151328.0	38003691.0
PDAC224T_F8-9kf1_rev	443.0	5559.0	14777.0	274567.0	722798.0	23458.0	5168.0	1015.0	701.0	686.0	641.0	752.0	891.0	1731.0	4191.0	9119.0	18521.0	34910.0	53229.0	72025.0	87398.0	102636.0	119980.0	139840.0	163590.0	189626.0	220831.0	252327.0	295976.0	348137.0	413745.0	495543.0	595207.0	724672.0	936282.0	1390601.0	1928328.0	1892240.0	3066438.0	7831416.0	31994018.0
PDAC224Tkf1_fwd	962.0	9690.0	63137.0	1552167.0	23971.0	6205.0	5056.0	7095.0	7239.0	2167.0	5675.0	2314.0	2400.0	662.0	572.0	1011.0	1348.0	1031.0	1258.0	1431.0	1876.0	2808.0	5897.0	11674.0	24150.0	46313.0	84077.0	139789.0	219518.0	324086.0	452502.0	609215.0	788179.0	996178.0	1284955.0	1818583.0	2612425.0	2485369.0	3741040.0	8375610.0	52645772.0
PDAC224Tkf1_rev	613.0	9357.0	24732.0	427391.0	1154568.0	33536.0	7908.0	1549.0	1141.0	1260.0	1189.0	1347.0	1437.0	2332.0	5507.0	15765.0	40533.0	82246.0	126327.0	161080.0	188134.0	212079.0	241138.0	275993.0	313501.0	358320.0	409245.0	465869.0	539129.0	630788.0	747414.0	891434.0	1049716.0	1246717.0	1548774.0	2175783.0	2940389.0	3090893.0	5062019.0	12862136.0	41016118.0
PDAC225T_F8-9kf1_fwd	663.0	6389.0	40869.0	1042325.0	17263.0	3603.0	2884.0	3568.0	2792.0	1614.0	1665.0	2069.0	2151.0	1270.0	402.0	1171.0	1982.0	1310.0	1399.0	1543.0	1757.0	2158.0	4165.0	7364.0	13954.0	26062.0	46247.0	74845.0	116900.0	170458.0	236322.0	316395.0	407751.0	510910.0	659327.0	958150.0	1463517.0	1233629.0	1852950.0	4029075.0	30240141.0
PDAC225T_F8-9kf1_rev	562.0	6250.0	15659.0	282022.0	772871.0	26232.0	5568.0	1022.0	693.0	705.0	567.0	769.0	964.0	1656.0	4074.0	9112.0	16927.0	29451.0	42043.0	54151.0	64728.0	74767.0	87243.0	101945.0	119609.0	140212.0	163806.0	188211.0	223078.0	264770.0	315095.0	380765.0	459986.0	563845.0	731598.0	1102137.0	1533487.0	1490848.0	2420621.0	6203583.0	25607377.0
PDAC225Tkf1_fwd	400.0	4609.0	29166.0	676120.0	10259.0	2462.0	1477.0	1419.0	1777.0	1090.0	1209.0	1354.0	914.0	527.0	324.0	730.0	1058.0	727.0	988.0	1210.0	1741.0	2920.0	6342.0	13806.0	28682.0	55246.0	99878.0	165316.0	257701.0	375708.0	523063.0	701984.0	907050.0	1147614.0	1474134.0	2106143.0	3061115.0	2832094.0	4244514.0	9410681.0	61741901.0
PDAC225Tkf1_rev	322.0	4212.0	10535.0	204613.0	481103.0	15866.0	3660.0	903.0	670.0	743.0	732.0	790.0	1064.0	1852.0	4777.0	13743.0	37826.0	82126.0	133630.0	176750.0	211610.0	244735.0	281868.0	322765.0	370267.0	424711.0	483048.0	552694.0	635400.0	737855.0	863125.0	1024944.0	1210587.0	1439527.0	1796650.0	2540988.0	3416628.0	3520214.0	5667135.0	14209706.0	48765079.0
PDAC226T_F8-9kf1_fwd	2708.0	25936.0	152955.0	3996970.0	61167.0	18889.0	21671.0	8457.0	9788.0	4754.0	10905.0	6830.0	6376.0	2236.0	2749.0	6020.0	6373.0	3634.0	2800.0	2912.0	3095.0	3056.0	4603.0	6674.0	11285.0	19840.0	33669.0	52138.0	79519.0	114951.0	158131.0	210604.0	270720.0	339552.0	441575.0	633202.0	918210.0	903416.0	1464549.0	3557941.0	19928433.0
PDAC226T_F8-9kf1_rev	1773.0	26433.0	57194.0	814466.0	3253664.0	85029.0	22344.0	3247.0	2473.0	2538.0	2386.0	2741.0	3213.0	6222.0	14077.0	24126.0	39385.0	67644.0	92695.0	109442.0	116632.0	118985.0	124881.0	135180.0	146372.0	161064.0	177837.0	192793.0	217944.0	249104.0	284973.0	332185.0	383648.0	451042.0	558432.0	772564.0	1055730.0	1092415.0	1795211.0	4487666.0	16023543.0
PDAC226Tkf1_fwd	1173.0	13420.0	87591.0	2213538.0	31798.0	6931.0	2850.0	8276.0	5800.0	5873.0	2682.0	5213.0	3835.0	4482.0	808.0	1566.0	2282.0	1650.0	2068.0	2456.0	3037.0	4296.0	8811.0	17765.0	34741.0	66362.0	118097.0	191695.0	297573.0	432366.0	597690.0	796340.0	1024364.0	1285308.0	1649736.0	2337936.0	3451732.0	3135383.0	4685937.0	10186060.0	72016170.0
PDAC226Tkf1_rev	1388.0	15447.0	47447.0	880385.0	1345844.0	50350.0	12346.0	2317.0	1706.0	1489.0	1274.0	1312.0	1713.0	4050.0	9812.0	18640.0	37551.0	77333.0	124850.0	173079.0	218269.0	261693.0	312093.0	366634.0	429224.0	497610.0	575464.0	659161.0	765143.0	893399.0	1049338.0	1247185.0	1478954.0	1770773.0	2213282.0	3106400.0	4044341.0	4303427.0	7005724.0	18118223.0	52621021.0
PDAC227T_F8-9kf1_fwd	1227.0	5574.0	34724.0	1306129.0	28938.0	5343.0	2350.0	803.0	722.0	645.0	604.0	696.0	730.0	608.0	643.0	546.0	694.0	929.0	1085.0	1267.0	1442.0	1907.0	3535.0	6407.0	11863.0	21210.0	36475.0	57414.0	88748.0	129802.0	181453.0	245594.0	323156.0	416420.0	558215.0	865432.0	1314791.0	1163978.0	1898826.0	4671443.0	28784600.0
PDAC227T_F8-9kf1_rev	572.0	6479.0	23711.0	322062.0	966065.0	32870.0	7340.0	1985.0	1200.0	1329.0	1108.0	1063.0	1122.0	2148.0	4210.0	9548.0	17643.0	26647.0	35615.0	43206.0	49952.0	55182.0	62406.0	72645.0	85093.0	99479.0	117440.0	137111.0	165578.0	201326.0	245309.0	299061.0	372896.0	475057.0	649905.0	1049262.0	1438672.0	1553847.0	2746747.0	7634742.0	23159335.0
PDAC227Tkf1_fwd	1087.0	5688.0	35346.0	1250155.0	34675.0	5077.0	2127.0	783.0	690.0	763.0	741.0	1006.0	745.0	696.0	621.0	501.0	629.0	764.0	984.0	1332.0	1518.0	2301.0	4615.0	8683.0	15839.0	28375.0	47630.0	73972.0	110353.0	159580.0	219663.0	295665.0	384473.0	494154.0	659267.0	996072.0	1434779.0	1385194.0	2269868.0	5686656.0	28851995.0
PDAC227Tkf1_rev	502.0	6060.0	21245.0	345568.0	900139.0	30692.0	7120.0	1988.0	1137.0	1423.0	1178.0	1082.0	1240.0	2335.0	4942.0	11021.0	21417.0	36424.0	51638.0	64335.0	73676.0	82600.0	94342.0	108455.0	125313.0	146337.0	172280.0	200578.0	238676.0	286299.0	343528.0	413108.0	497199.0	615312.0	818336.0	1235342.0	1663629.0	1890752.0	3263902.0	8374528.0	22319384.0
