	15.0	16.0	17.0	18.0	19.0	20.0	21.0	22.0	23.0	24.0	25.0	26.0	27.0	28.0	29.0	30.0	31.0	32.0	33.0	34.0	35.0	36.0	37.0	38.0	39.0	40.0
PDAC200T_F8-9kf_R1	1.0	9.0	26.0	87.0	300.0	699.0	1678.0	4046.0	9436.0	20723.0	40382.0	71524.0	117296.0	176431.0	251460.0	338051.0	437718.0	550952.0	675969.0	823614.0	1007838.0	1260561.0	1660236.0	2450271.0	5194099.0	46502368.0
	12.0	13.0	14.0	15.0	16.0	17.0	18.0	19.0	20.0	21.0	22.0	23.0	24.0	25.0	26.0	27.0	28.0	29.0	30.0	31.0	32.0	33.0	34.0	35.0	36.0	37.0	38.0	39.0	40.0
PDAC200T_F8-9kf_R2	1018.0	1175.0	4224.0	9303.0	20059.0	38087.0	56443.0	70778.0	80952.0	91288.0	104362.0	119922.0	137318.0	157103.0	182192.0	211269.0	244271.0	287012.0	340326.0	408132.0	489935.0	607269.0	763169.0	978667.0	1313487.0	1880842.0	3062669.0	7466829.0	42467674.0
	13.0	14.0	15.0	16.0	17.0	18.0	19.0	20.0	21.0	22.0	23.0	24.0	25.0	26.0	27.0	28.0	29.0	30.0	31.0	32.0	33.0	34.0	35.0	36.0	37.0	38.0	39.0	40.0
PDAC200Tkf_R1	1.0	1.0	3.0	3.0	18.0	67.0	168.0	457.0	1451.0	4050.0	10230.0	23049.0	46334.0	83639.0	137422.0	212221.0	306574.0	421054.0	556409.0	708871.0	885134.0	1090558.0	1346756.0	1687795.0	2214594.0	3219968.0	6514265.0	62964875.0
	12.0	13.0	14.0	15.0	16.0	17.0	18.0	19.0	20.0	21.0	22.0	23.0	24.0	25.0	26.0	27.0	28.0	29.0	30.0	31.0	32.0	33.0	34.0	35.0	36.0	37.0	38.0	39.0	40.0
PDAC200Tkf_R2	1342.0	833.0	2843.0	9239.0	29785.0	63519.0	99207.0	126294.0	145216.0	164434.0	186405.0	210099.0	240135.0	273362.0	312127.0	358279.0	411460.0	476448.0	559808.0	663954.0	783860.0	941576.0	1168296.0	1480509.0	1961273.0	2707045.0	4189979.0	9702641.0	55165999.0
	14.0	15.0	16.0	17.0	18.0	19.0	20.0	21.0	22.0	23.0	24.0	25.0	26.0	27.0	28.0	29.0	30.0	31.0	32.0	33.0	34.0	35.0	36.0	37.0	38.0	39.0	40.0
PDAC201T_F8-9kf_R1	1.0	4.0	17.0	33.0	87.0	220.0	527.0	1184.0	2908.0	6967.0	15451.0	31056.0	57345.0	97300.0	154671.0	230605.0	326380.0	440225.0	578023.0	742343.0	941765.0	1205455.0	1576609.0	2180479.0	3402741.0	7659731.0	49427706.0
	9.0	10.0	11.0	12.0	13.0	14.0	15.0	16.0	17.0	18.0	19.0	20.0	21.0	22.0	23.0	24.0	25.0	26.0	27.0	28.0	29.0	30.0	31.0	32.0	33.0	34.0	35.0	36.0	37.0	38.0	39.0	40.0
PDAC201T_F8-9kf_R2	1.0	1.0	1.0	36.0	451.0	1942.0	5689.0	14293.0	31478.0	53306.0	73323.0	89505.0	104020.0	121801.0	141201.0	165303.0	192453.0	223548.0	262035.0	308410.0	367527.0	440165.0	526547.0	628095.0	759264.0	938110.0	1195658.0	1585291.0	2259910.0	3701878.0	9012974.0	45875617.0
	13.0	14.0	15.0	16.0	17.0	18.0	19.0	20.0	21.0	22.0	23.0	24.0	25.0	26.0	27.0	28.0	29.0	30.0	31.0	32.0	33.0	34.0	35.0	36.0	37.0	38.0	39.0	40.0
PDAC201Tkf_R1	5.0	5.0	15.0	43.0	69.0	169.0	437.0	1067.0	3020.0	7862.0	19842.0	43800.0	87801.0	158474.0	263626.0	405522.0	589583.0	810388.0	1066063.0	1356099.0	1687700.0	2082614.0	2576890.0	3259795.0	4353757.0	6561831.0	14367475.0	101987603.0
	8.0	9.0	10.0	11.0	12.0	13.0	14.0	15.0	16.0	17.0	18.0	19.0	20.0	21.0	22.0	23.0	24.0	25.0	26.0	27.0	28.0	29.0	30.0	31.0	32.0	33.0	34.0	35.0	36.0	37.0	38.0	39.0	40.0
PDAC201Tkf_R2	1.0	1.0	10.0	8.0	123.0	751.0	3391.0	11938.0	37874.0	85602.0	139561.0	189296.0	235011.0	279935.0	333422.0	393154.0	459088.0	535265.0	624089.0	730514.0	862298.0	1022158.0	1223134.0	1450464.0	1682789.0	1963777.0	2354550.0	2935913.0	3853807.0	5441829.0	8806145.0	21459160.0	84576497.0
	13.0	14.0	15.0	16.0	17.0	18.0	19.0	20.0	21.0	22.0	23.0	24.0	25.0	26.0	27.0	28.0	29.0	30.0	31.0	32.0	33.0	34.0	35.0	36.0	37.0	38.0	39.0	40.0
PDAC202T_F8-9kf_R1	1.0	1.0	0.0	3.0	14.0	26.0	81.0	209.0	595.0	1766.0	4448.0	9921.0	21198.0	40871.0	70235.0	110635.0	162693.0	227171.0	300917.0	384718.0	479484.0	593619.0	731862.0	918227.0	1211004.0	1776118.0	3671301.0	36640977.0
	12.0	13.0	14.0	15.0	16.0	17.0	18.0	19.0	20.0	21.0	22.0	23.0	24.0	25.0	26.0	27.0	28.0	29.0	30.0	31.0	32.0	33.0	34.0	35.0	36.0	37.0	38.0	39.0	40.0
PDAC202T_F8-9kf_R2	801.0	616.0	2167.0	7198.0	21918.0	46968.0	71389.0	87573.0	98892.0	109973.0	120484.0	135338.0	150967.0	168542.0	190854.0	215427.0	243269.0	278849.0	323478.0	376220.0	446387.0	542207.0	674333.0	852958.0	1127113.0	1565694.0	2472704.0	5857750.0	31168026.0
	12.0	13.0	14.0	15.0	16.0	17.0	18.0	19.0	20.0	21.0	22.0	23.0	24.0	25.0	26.0	27.0	28.0	29.0	30.0	31.0	32.0	33.0	34.0	35.0	36.0	37.0	38.0	39.0	40.0
PDAC202Tkf_R1	1.0	0.0	2.0	1.0	9.0	20.0	61.0	205.0	593.0	1559.0	4510.0	11312.0	25669.0	53964.0	101804.0	173268.0	271506.0	398853.0	553335.0	732363.0	937079.0	1168929.0	1442197.0	1780730.0	2236300.0	2945246.0	4316269.0	8915909.0	83557230.0
	11.0	12.0	13.0	14.0	15.0	16.0	17.0	18.0	19.0	20.0	21.0	22.0	23.0	24.0	25.0	26.0	27.0	28.0	29.0	30.0	31.0	32.0	33.0	34.0	35.0	36.0	37.0	38.0	39.0	40.0
PDAC202Tkf_R2	1.0	1911.0	1590.0	6078.0	21090.0	66804.0	146999.0	221980.0	270756.0	298981.0	324969.0	354094.0	390267.0	432118.0	480187.0	535986.0	601930.0	677809.0	774094.0	898754.0	1050894.0	1233121.0	1458000.0	1773534.0	2213515.0	2886972.0	3979011.0	6238678.0	14748280.0	67540521.0
	13.0	14.0	15.0	16.0	17.0	18.0	19.0	20.0	21.0	22.0	23.0	24.0	25.0	26.0	27.0	28.0	29.0	30.0	31.0	32.0	33.0	34.0	35.0	36.0	37.0	38.0	39.0	40.0
PDAC203T_F8-9kf_R1	1.0	2.0	10.0	19.0	43.0	120.0	322.0	822.0	1924.0	4502.0	10220.0	21956.0	43831.0	79580.0	134128.0	211452.0	312257.0	438562.0	590301.0	771925.0	982877.0	1246641.0	1589099.0	2071222.0	2862127.0	4452644.0	10014241.0	63054470.0
	12.0	13.0	14.0	15.0	16.0	17.0	18.0	19.0	20.0	21.0	22.0	23.0	24.0	25.0	26.0	27.0	28.0	29.0	30.0	31.0	32.0	33.0	34.0	35.0	36.0	37.0	38.0	39.0	40.0
PDAC203T_F8-9kf_R2	47.0	595.0	2556.0	6806.0	18714.0	44751.0	79039.0	110233.0	136878.0	160850.0	187998.0	219450.0	254050.0	295212.0	342920.0	398593.0	468529.0	553731.0	662041.0	789980.0	935455.0	1123349.0	1375099.0	1738599.0	2299426.0	3276003.0	5382778.0	13090053.0	54941563.0
	12.0	13.0	14.0	15.0	16.0	17.0	18.0	19.0	20.0	21.0	22.0	23.0	24.0	25.0	26.0	27.0	28.0	29.0	30.0	31.0	32.0	33.0	34.0	35.0	36.0	37.0	38.0	39.0	40.0
PDAC203Tkf_R1	2.0	3.0	1.0	6.0	9.0	61.0	208.0	503.0	1238.0	2896.0	6871.0	15929.0	33624.0	65460.0	114611.0	186729.0	284772.0	409055.0	559215.0	731695.0	926301.0	1146379.0	1404724.0	1721841.0	2155532.0	2826550.0	4062401.0	8413573.0	57930189.0
	12.0	13.0	14.0	15.0	16.0	17.0	18.0	19.0	20.0	21.0	22.0	23.0	24.0	25.0	26.0	27.0	28.0	29.0	30.0	31.0	32.0	33.0	34.0	35.0	36.0	37.0	38.0	39.0	40.0
PDAC203Tkf_R2	63.0	1269.0	4807.0	11633.0	31606.0	68605.0	110315.0	146340.0	176864.0	209006.0	245658.0	287120.0	334386.0	387045.0	445293.0	514127.0	591007.0	685199.0	802344.0	945045.0	1128212.0	1347826.0	1624016.0	2005537.0	2577989.0	3527410.0	5567034.0	13357853.0	45866769.0
	16.0	17.0	18.0	19.0	20.0	21.0	22.0	23.0	24.0	25.0	26.0	27.0	28.0	29.0	30.0	31.0	32.0	33.0	34.0	35.0	36.0	37.0	38.0	39.0	40.0
PDAC204T_F8-9kf_R1	7.0	24.0	95.0	249.0	576.0	1406.0	3229.0	7062.0	14745.0	27982.0	49964.0	82213.0	125978.0	181255.0	245960.0	322699.0	406525.0	504996.0	617220.0	761216.0	957038.0	1274504.0	1924392.0	4357668.0	39155538.0
	12.0	13.0	14.0	15.0	16.0	17.0	18.0	19.0	20.0	21.0	22.0	23.0	24.0	25.0	26.0	27.0	28.0	29.0	30.0	31.0	32.0	33.0	34.0	35.0	36.0	37.0	38.0	39.0	40.0
PDAC204T_F8-9kf_R2	25.0	361.0	1704.0	4779.0	12532.0	25660.0	39675.0	50534.0	60524.0	70261.0	81838.0	95524.0	109891.0	126238.0	147184.0	170509.0	198479.0	234569.0	282255.0	339946.0	407071.0	485399.0	589682.0	750160.0	988720.0	1396032.0	2278224.0	5792321.0	36282444.0
	13.0	14.0	15.0	16.0	17.0	18.0	19.0	20.0	21.0	22.0	23.0	24.0	25.0	26.0	27.0	28.0	29.0	30.0	31.0	32.0	33.0	34.0	35.0	36.0	37.0	38.0	39.0	40.0
PDAC204Tkf_R1	1.0	0.0	4.0	10.0	23.0	78.0	286.0	824.0	2103.0	5228.0	12511.0	27478.0	55008.0	99964.0	166114.0	257010.0	372217.0	509524.0	668940.0	846783.0	1049367.0	1283322.0	1571792.0	1958725.0	2564756.0	3751059.0	7909076.0	73857237.0
	12.0	13.0	14.0	15.0	16.0	17.0	18.0	19.0	20.0	21.0	22.0	23.0	24.0	25.0	26.0	27.0	28.0	29.0	30.0	31.0	32.0	33.0	34.0	35.0	36.0	37.0	38.0	39.0	40.0
PDAC204Tkf_R2	1113.0	1364.0	4680.0	13008.0	35198.0	73689.0	114187.0	144723.0	168092.0	191358.0	217170.0	246756.0	282160.0	322572.0	369051.0	421708.0	486048.0	563942.0	665047.0	796013.0	958356.0	1145774.0	1389507.0	1733662.0	2274864.0	3159580.0	4998231.0	12208093.0	63983494.0
	13.0	14.0	15.0	16.0	17.0	18.0	19.0	20.0	21.0	22.0	23.0	24.0	25.0	26.0	27.0	28.0	29.0	30.0	31.0	32.0	33.0	34.0	35.0	36.0	37.0	38.0	39.0	40.0
PDAC205T_F8-9kf_R1	2.0	5.0	5.0	9.0	28.0	66.0	185.0	440.0	1149.0	2776.0	6387.0	13831.0	27551.0	50106.0	84493.0	133505.0	198726.0	280078.0	377882.0	495897.0	636382.0	809288.0	1032991.0	1351997.0	1874138.0	2938702.0	6760688.0	45712963.0
	7.0	8.0	9.0	10.0	11.0	12.0	13.0	14.0	15.0	16.0	17.0	18.0	19.0	20.0	21.0	22.0	23.0	24.0	25.0	26.0	27.0	28.0	29.0	30.0	31.0	32.0	33.0	34.0	35.0	36.0	37.0	38.0	39.0	40.0
PDAC205T_F8-9kf_R2	1.0	1.0	0.0	1.0	0.0	33.0	229.0	1205.0	4348.0	13700.0	33924.0	58815.0	80748.0	98313.0	114792.0	132726.0	153967.0	177925.0	206898.0	238941.0	278683.0	323263.0	380754.0	451871.0	536287.0	638623.0	769686.0	945474.0	1193670.0	1578919.0	2242608.0	3654393.0	8855344.0	39624128.0
	12.0	13.0	14.0	15.0	16.0	17.0	18.0	19.0	20.0	21.0	22.0	23.0	24.0	25.0	26.0	27.0	28.0	29.0	30.0	31.0	32.0	33.0	34.0	35.0	36.0	37.0	38.0	39.0	40.0
PDAC205Tkf_R1	1.0	1.0	2.0	11.0	20.0	26.0	75.0	181.0	435.0	1262.0	3268.0	8332.0	19112.0	38421.0	70576.0	119772.0	188135.0	278737.0	396317.0	536113.0	704846.0	906924.0	1148022.0	1471682.0	1924469.0	2672818.0	4255169.0	10301280.0	60401002.0
	8.0	9.0	10.0	11.0	12.0	13.0	14.0	15.0	16.0	17.0	18.0	19.0	20.0	21.0	22.0	23.0	24.0	25.0	26.0	27.0	28.0	29.0	30.0	31.0	32.0	33.0	34.0	35.0	36.0	37.0	38.0	39.0	40.0
PDAC205Tkf_R2	2.0	6.0	3.0	9.0	62.0	403.0	2239.0	10637.0	42194.0	111318.0	193890.0	260136.0	303032.0	338830.0	377906.0	423528.0	474780.0	529354.0	595004.0	672206.0	758546.0	868258.0	996248.0	1146915.0	1326841.0	1555070.0	1858921.0	2305514.0	2987605.0	4184587.0	6680152.0	15049580.0	41393233.0
	13.0	14.0	15.0	16.0	17.0	18.0	19.0	20.0	21.0	22.0	23.0	24.0	25.0	26.0	27.0	28.0	29.0	30.0	31.0	32.0	33.0	34.0	35.0	36.0	37.0	38.0	39.0	40.0
PDAC206T_F8-9kf_R1	1.0	1.0	3.0	7.0	12.0	45.0	56.0	136.0	438.0	1081.0	2847.0	6705.0	14290.0	27791.0	48304.0	78466.0	117914.0	168472.0	229983.0	303327.0	392063.0	498533.0	638072.0	839540.0	1171860.0	1867560.0	4477374.0	30141412.0
	8.0	9.0	10.0	11.0	12.0	13.0	14.0	15.0	16.0	17.0	18.0	19.0	20.0	21.0	22.0	23.0	24.0	25.0	26.0	27.0	28.0	29.0	30.0	31.0	32.0	33.0	34.0	35.0	36.0	37.0	38.0	39.0	40.0
PDAC206T_F8-9kf_R2	1.0	1.0	2.0	3.0	31.0	215.0	1086.0	3571.0	11866.0	29697.0	52855.0	73259.0	90534.0	105699.0	122539.0	142646.0	164492.0	187540.0	215373.0	247865.0	285368.0	329800.0	382565.0	449136.0	532369.0	636494.0	778205.0	976635.0	1282426.0	1827205.0	2959937.0	6843627.0	22293251.0
	13.0	14.0	15.0	16.0	17.0	18.0	19.0	20.0	21.0	22.0	23.0	24.0	25.0	26.0	27.0	28.0	29.0	30.0	31.0	32.0	33.0	34.0	35.0	36.0	37.0	38.0	39.0	40.0
PDAC206Tkf_R1	2.0	5.0	7.0	18.0	76.0	247.0	695.0	1800.0	4563.0	11366.0	26930.0	59338.0	118399.0	215819.0	361245.0	564918.0	824006.0	1142225.0	1509062.0	1929337.0	2408699.0	2958108.0	3638623.0	4542558.0	5930741.0	8585963.0	17498640.0	118949375.0
	12.0	13.0	14.0	15.0	16.0	17.0	18.0	19.0	20.0	21.0	22.0	23.0	24.0	25.0	26.0	27.0	28.0	29.0	30.0	31.0	32.0	33.0	34.0	35.0	36.0	37.0	38.0	39.0	40.0
PDAC206Tkf_R2	178.0	3960.0	13025.0	26216.0	59993.0	121501.0	191464.0	250948.0	304157.0	358851.0	419758.0	491727.0	572281.0	664772.0	769441.0	891680.0	1036145.0	1206128.0	1413729.0	1674881.0	2009844.0	2425662.0	2966348.0	3704043.0	4805594.0	6625502.0	10348366.0	23475680.0	104450891.0
	13.0	14.0	15.0	16.0	17.0	18.0	19.0	20.0	21.0	22.0	23.0	24.0	25.0	26.0	27.0	28.0	29.0	30.0	31.0	32.0	33.0	34.0	35.0	36.0	37.0	38.0	39.0	40.0
PDAC207T_F8-9kf_R1	3.0	3.0	11.0	45.0	138.0	440.0	1049.0	2229.0	4734.0	10105.0	21346.0	42832.0	79420.0	135714.0	217601.0	329561.0	471864.0	642797.0	839866.0	1064350.0	1314395.0	1605204.0	1953370.0	2423018.0	3140526.0	4515019.0	9065331.0	59465863.0
	12.0	13.0	14.0	15.0	16.0	17.0	18.0	19.0	20.0	21.0	22.0	23.0	24.0	25.0	26.0	27.0	28.0	29.0	30.0	31.0	32.0	33.0	34.0	35.0	36.0	37.0	38.0	39.0	40.0
PDAC207T_F8-9kf_R2	273.0	4300.0	13831.0	27275.0	59853.0	114199.0	165857.0	197534.0	220795.0	244114.0	273923.0	310233.0	352335.0	402973.0	461077.0	528827.0	609012.0	705458.0	822410.0	965908.0	1150043.0	1371693.0	1664720.0	2066634.0	2654964.0	3620050.0	5570373.0	12320285.0	50447885.0
	13.0	14.0	15.0	16.0	17.0	18.0	19.0	20.0	21.0	22.0	23.0	24.0	25.0	26.0	27.0	28.0	29.0	30.0	31.0	32.0	33.0	34.0	35.0	36.0	37.0	38.0	39.0	40.0
PDAC207Tkf_R1	2.0	3.0	4.0	23.0	75.0	218.0	605.0	1381.0	3732.0	9119.0	20893.0	43643.0	82156.0	137908.0	216597.0	323862.0	457747.0	622419.0	814064.0	1027920.0	1270825.0	1548274.0	1891884.0	2348629.0	3049912.0	4375948.0	8810896.0	57450293.0
	12.0	13.0	14.0	15.0	16.0	17.0	18.0	19.0	20.0	21.0	22.0	23.0	24.0	25.0	26.0	27.0	28.0	29.0	30.0	31.0	32.0	33.0	34.0	35.0	36.0	37.0	38.0	39.0	40.0
PDAC207Tkf_R2	70.0	1134.0	3867.0	9177.0	24967.0	55192.0	91004.0	123233.0	152695.0	183345.0	219294.0	262256.0	311083.0	366907.0	428965.0	500818.0	584028.0	683100.0	806517.0	960693.0	1150515.0	1369640.0	1637117.0	2006732.0	2553797.0	3466997.0	5329411.0	12018492.0	49207986.0
	13.0	14.0	15.0	16.0	17.0	18.0	19.0	20.0	21.0	22.0	23.0	24.0	25.0	26.0	27.0	28.0	29.0	30.0	31.0	32.0	33.0	34.0	35.0	36.0	37.0	38.0	39.0	40.0
PDAC208T_F8-9kf_R1	1.0	0.0	7.0	9.0	17.0	43.0	67.0	238.0	639.0	1712.0	4318.0	10274.0	21573.0	40093.0	68688.0	109536.0	163262.0	231589.0	312223.0	407923.0	521117.0	656244.0	836228.0	1091572.0	1509117.0	2375163.0	5576160.0	40385424.0
	9.0	10.0	11.0	12.0	13.0	14.0	15.0	16.0	17.0	18.0	19.0	20.0	21.0	22.0	23.0	24.0	25.0	26.0	27.0	28.0	29.0	30.0	31.0	32.0	33.0	34.0	35.0	36.0	37.0	38.0	39.0	40.0
PDAC208T_F8-9kf_R2	1.0	1.0	3.0	32.0	229.0	1392.0	4495.0	11904.0	26598.0	47292.0	65850.0	82349.0	97643.0	116131.0	135226.0	159005.0	185588.0	215873.0	251957.0	293604.0	345229.0	408726.0	487834.0	585397.0	712727.0	883654.0	1127817.0	1511753.0	2202864.0	3657299.0	8806346.0	31898418.0
	14.0	15.0	16.0	17.0	18.0	19.0	20.0	21.0	22.0	23.0	24.0	25.0	26.0	27.0	28.0	29.0	30.0	31.0	32.0	33.0	34.0	35.0	36.0	37.0	38.0	39.0	40.0
PDAC208Tkf_R1	2.0	3.0	15.0	64.0	172.0	497.0	1330.0	3298.0	8257.0	19304.0	41603.0	81267.0	144610.0	237732.0	362459.0	520095.0	711917.0	930356.0	1176732.0	1455058.0	1782936.0	2184159.0	2733793.0	3583243.0	5227332.0	10768648.0	68664317.0
	12.0	13.0	14.0	15.0	16.0	17.0	18.0	19.0	20.0	21.0	22.0	23.0	24.0	25.0	26.0	27.0	28.0	29.0	30.0	31.0	32.0	33.0	34.0	35.0	36.0	37.0	38.0	39.0	40.0
PDAC208Tkf_R2	222.0	1958.0	6445.0	16118.0	40016.0	80721.0	126755.0	168512.0	206637.0	245957.0	291448.0	341184.0	395111.0	456331.0	524035.0	604286.0	694741.0	806171.0	940002.0	1101490.0	1298496.0	1552697.0	1882081.0	2349790.0	3057739.0	4255088.0	6822636.0	15902772.0	56469760.0
	14.0	15.0	16.0	17.0	18.0	19.0	20.0	21.0	22.0	23.0	24.0	25.0	26.0	27.0	28.0	29.0	30.0	31.0	32.0	33.0	34.0	35.0	36.0	37.0	38.0	39.0	40.0
PDAC209T_F8-9kf_R1	1.0	0.0	1.0	4.0	36.0	156.0	468.0	1320.0	3008.0	7011.0	14404.0	27625.0	48330.0	79385.0	118664.0	167988.0	226196.0	290900.0	364495.0	444056.0	540147.0	659392.0	831235.0	1117159.0	1737085.0	4177949.0	27881477.0
	12.0	13.0	14.0	15.0	16.0	17.0	18.0	19.0	20.0	21.0	22.0	23.0	24.0	25.0	26.0	27.0	28.0	29.0	30.0	31.0	32.0	33.0	34.0	35.0	36.0	37.0	38.0	39.0	40.0
PDAC209T_F8-9kf_R2	34.0	559.0	1441.0	2902.0	7239.0	15843.0	25683.0	34636.0	43502.0	52560.0	63938.0	76610.0	91449.0	108065.0	128584.0	150077.0	175777.0	206518.0	243373.0	290476.0	348594.0	423312.0	520656.0	658012.0	858869.0	1203896.0	1926935.0	4659309.0	26419643.0
	14.0	15.0	16.0	17.0	18.0	19.0	20.0	21.0	22.0	23.0	24.0	25.0	26.0	27.0	28.0	29.0	30.0	31.0	32.0	33.0	34.0	35.0	36.0	37.0	38.0	39.0	40.0
PDAC209Tkf_R1	1.0	2.0	6.0	25.0	122.0	327.0	782.0	1882.0	4637.0	11207.0	24006.0	47901.0	86205.0	142431.0	218351.0	313873.0	430703.0	563513.0	713913.0	883126.0	1082629.0	1330801.0	1675274.0	2225724.0	3334565.0	7468599.0	67623628.0
	12.0	13.0	14.0	15.0	16.0	17.0	18.0	19.0	20.0	21.0	22.0	23.0	24.0	25.0	26.0	27.0	28.0	29.0	30.0	31.0	32.0	33.0	34.0	35.0	36.0	37.0	38.0	39.0	40.0
PDAC209Tkf_R2	105.0	1727.0	6916.0	17012.0	42107.0	84506.0	124501.0	151981.0	169619.0	185383.0	204760.0	228566.0	256772.0	288843.0	327411.0	370617.0	423970.0	489246.0	575305.0	681978.0	798915.0	939864.0	1135070.0	1425253.0	1861541.0	2569559.0	4056892.0	9788835.0	60976979.0
	14.0	15.0	16.0	17.0	18.0	19.0	20.0	21.0	22.0	23.0	24.0	25.0	26.0	27.0	28.0	29.0	30.0	31.0	32.0	33.0	34.0	35.0	36.0	37.0	38.0	39.0	40.0
PDAC210T_F8-9kf_R1	1.0	7.0	7.0	14.0	33.0	59.0	200.0	515.0	1408.0	4022.0	9171.0	19057.0	35870.0	61714.0	98091.0	145437.0	204105.0	274824.0	360146.0	461315.0	585072.0	745581.0	975847.0	1351224.0	2140450.0	5081157.0	34415690.0
	9.0	10.0	11.0	12.0	13.0	14.0	15.0	16.0	17.0	18.0	19.0	20.0	21.0	22.0	23.0	24.0	25.0	26.0	27.0	28.0	29.0	30.0	31.0	32.0	33.0	34.0	35.0	36.0	37.0	38.0	39.0	40.0
PDAC210T_F8-9kf_R2	1.0	2.0	3.0	35.0	154.0	842.0	2976.0	9866.0	25772.0	48216.0	70727.0	89159.0	106709.0	126760.0	149774.0	175645.0	205452.0	238782.0	274972.0	316594.0	366679.0	429240.0	505614.0	597965.0	717646.0	878202.0	1108751.0	1459106.0	2089109.0	3403371.0	7996097.0	25576796.0
	13.0	14.0	15.0	16.0	17.0	18.0	19.0	20.0	21.0	22.0	23.0	24.0	25.0	26.0	27.0	28.0	29.0	30.0	31.0	32.0	33.0	34.0	35.0	36.0	37.0	38.0	39.0	40.0
PDAC210Tkf_R1	5.0	7.0	10.0	14.0	36.0	63.0	175.0	428.0	1166.0	3154.0	8095.0	18423.0	36443.0	66342.0	111220.0	172038.0	252708.0	350001.0	471393.0	616569.0	789125.0	1000016.0	1279859.0	1673557.0	2324855.0	3703894.0	8962707.0	51695651.0
	8.0	9.0	10.0	11.0	12.0	13.0	14.0	15.0	16.0	17.0	18.0	19.0	20.0	21.0	22.0	23.0	24.0	25.0	26.0	27.0	28.0	29.0	30.0	31.0	32.0	33.0	34.0	35.0	36.0	37.0	38.0	39.0	40.0
PDAC210Tkf_R2	2.0	3.0	6.0	10.0	54.0	333.0	1711.0	10037.0	43005.0	111567.0	189503.0	249818.0	287561.0	317238.0	352040.0	390844.0	437326.0	490306.0	551137.0	621206.0	698828.0	794980.0	908182.0	1043532.0	1201633.0	1403998.0	1673649.0	2058928.0	2648258.0	3670274.0	5786851.0	12904346.0	34690788.0
	14.0	15.0	16.0	17.0	18.0	19.0	20.0	21.0	22.0	23.0	24.0	25.0	26.0	27.0	28.0	29.0	30.0	31.0	32.0	33.0	34.0	35.0	36.0	37.0	38.0	39.0	40.0
PDAC211T_F8-9kf_R1	1.0	2.0	5.0	13.0	44.0	130.0	403.0	1131.0	3050.0	7723.0	17120.0	34336.0	61210.0	99279.0	150844.0	213521.0	286219.0	367965.0	460394.0	564830.0	687218.0	842146.0	1062409.0	1431417.0	2233004.0	5351956.0	38291729.0
	12.0	13.0	14.0	15.0	16.0	17.0	18.0	19.0	20.0	21.0	22.0	23.0	24.0	25.0	26.0	27.0	28.0	29.0	30.0	31.0	32.0	33.0	34.0	35.0	36.0	37.0	38.0	39.0	40.0
PDAC211T_F8-9kf_R2	77.0	1133.0	3731.0	6853.0	13786.0	26578.0	39624.0	49920.0	58713.0	68838.0	80340.0	94608.0	111623.0	130743.0	154236.0	181649.0	213914.0	251714.0	297154.0	355824.0	429578.0	520689.0	639296.0	808833.0	1061359.0	1486533.0	2377705.0	5664872.0	37038176.0
	15.0	16.0	17.0	18.0	19.0	20.0	21.0	22.0	23.0	24.0	25.0	26.0	27.0	28.0	29.0	30.0	31.0	32.0	33.0	34.0	35.0	36.0	37.0	38.0	39.0	40.0
PDAC211Tkf_R1	6.0	10.0	48.0	164.0	390.0	1017.0	2433.0	6024.0	14592.0	32460.0	63512.0	114377.0	187329.0	286371.0	409208.0	561275.0	735386.0	929218.0	1157961.0	1420275.0	1750947.0	2199179.0	2915866.0	4371591.0	9779633.0	85662272.0
	12.0	13.0	14.0	15.0	16.0	17.0	18.0	19.0	20.0	21.0	22.0	23.0	24.0	25.0	26.0	27.0	28.0	29.0	30.0	31.0	32.0	33.0	34.0	35.0	36.0	37.0	38.0	39.0	40.0
PDAC211Tkf_R2	114.0	2018.0	8511.0	22478.0	58254.0	116785.0	173878.0	209887.0	233340.0	254260.0	281729.0	312838.0	350730.0	394133.0	444201.0	503670.0	572564.0	660416.0	770667.0	910866.0	1076927.0	1269594.0	1531641.0	1932180.0	2541361.0	3547256.0	5682840.0	14250992.0	74487414.0
	15.0	16.0	17.0	18.0	19.0	20.0	21.0	22.0	23.0	24.0	25.0	26.0	27.0	28.0	29.0	30.0	31.0	32.0	33.0	34.0	35.0	36.0	37.0	38.0	39.0	40.0
PDAC212T_F8-9kf_R1	1.0	14.0	33.0	132.0	359.0	790.0	1692.0	3602.0	7458.0	15159.0	27842.0	49611.0	82300.0	128556.0	190482.0	269197.0	364539.0	478190.0	613673.0	780479.0	993952.0	1300860.0	1811549.0	2927844.0	7390143.0	42288546.0
	12.0	13.0	14.0	15.0	16.0	17.0	18.0	19.0	20.0	21.0	22.0	23.0	24.0	25.0	26.0	27.0	28.0	29.0	30.0	31.0	32.0	33.0	34.0	35.0	36.0	37.0	38.0	39.0	40.0
PDAC212T_F8-9kf_R2	22.0	309.0	2094.0	6680.0	19663.0	45106.0	74135.0	96784.0	110820.0	122023.0	135275.0	152335.0	171262.0	194834.0	222199.0	255642.0	295416.0	342427.0	401208.0	472556.0	560782.0	673176.0	829152.0	1061433.0	1419559.0	2059314.0	3525025.0	9782171.0	36695601.0
	15.0	16.0	17.0	18.0	19.0	20.0	21.0	22.0	23.0	24.0	25.0	26.0	27.0	28.0	29.0	30.0	31.0	32.0	33.0	34.0	35.0	36.0	37.0	38.0	39.0	40.0
PDAC213T_F8-9kf_R1	5.0	10.0	30.0	73.0	185.0	497.0	1189.0	2827.0	6648.0	13218.0	25816.0	46068.0	78632.0	124818.0	186802.0	268592.0	368648.0	491541.0	639582.0	822115.0	1061935.0	1414724.0	2011563.0	3315492.0	8477286.0	51065456.0
	12.0	13.0	14.0	15.0	16.0	17.0	18.0	19.0	20.0	21.0	22.0	23.0	24.0	25.0	26.0	27.0	28.0	29.0	30.0	31.0	32.0	33.0	34.0	35.0	36.0	37.0	38.0	39.0	40.0
PDAC213T_F8-9kf_R2	53.0	532.0	3273.0	9224.0	22755.0	50287.0	82236.0	104119.0	118055.0	129740.0	144293.0	161699.0	182430.0	209172.0	242087.0	282138.0	331507.0	391689.0	461420.0	549115.0	666061.0	821806.0	1038090.0	1354016.0	1869118.0	2801623.0	4968183.0	13726159.0	39702872.0
	13.0	14.0	15.0	16.0	17.0	18.0	19.0	20.0	21.0	22.0	23.0	24.0	25.0	26.0	27.0	28.0	29.0	30.0	31.0	32.0	33.0	34.0	35.0	36.0	37.0	38.0	39.0	40.0
PDAC213Tkf_R1	2.0	2.0	10.0	15.0	42.0	133.0	293.0	918.0	2398.0	6139.0	14865.0	31784.0	61529.0	110934.0	182367.0	283577.0	416983.0	585596.0	787727.0	1030460.0	1319789.0	1680523.0	2152501.0	2840916.0	4008083.0	6515656.0	15955463.0	91938667.0
	12.0	13.0	14.0	15.0	16.0	17.0	18.0	19.0	20.0	21.0	22.0	23.0	24.0	25.0	26.0	27.0	28.0	29.0	30.0	31.0	32.0	33.0	34.0	35.0	36.0	37.0	38.0	39.0	40.0
PDAC213Tkf_R2	96.0	741.0	4222.0	13858.0	36547.0	77135.0	124077.0	162796.0	196195.0	231522.0	271107.0	318640.0	375762.0	442782.0	526365.0	628855.0	752239.0	901808.0	1073216.0	1271677.0	1510034.0	1833327.0	2291326.0	2979888.0	4066005.0	5962753.0	10184345.0	26059459.0	67630595.0
	16.0	17.0	18.0	19.0	20.0	21.0	22.0	23.0	24.0	25.0	26.0	27.0	28.0	29.0	30.0	31.0	32.0	33.0	34.0	35.0	36.0	37.0	38.0	39.0	40.0
PDAC214T_F8-9kf_R1	5.0	15.0	43.0	139.0	327.0	882.0	2253.0	5359.0	11668.0	23522.0	43277.0	74311.0	119529.0	180930.0	261897.0	361359.0	482764.0	629028.0	808406.0	1046592.0	1391837.0	1972633.0	3244679.0	8283671.0	51429980.0
	11.0	12.0	13.0	14.0	15.0	16.0	17.0	18.0	19.0	20.0	21.0	22.0	23.0	24.0	25.0	26.0	27.0	28.0	29.0	30.0	31.0	32.0	33.0	34.0	35.0	36.0	37.0	38.0	39.0	40.0
PDAC214T_F8-9kf_R2	1.0	41.0	407.0	2080.0	6662.0	18869.0	42897.0	69828.0	88919.0	100789.0	111360.0	123277.0	138622.0	159532.0	182153.0	213012.0	250243.0	296340.0	350164.0	415316.0	495811.0	603262.0	747993.0	948773.0	1249333.0	1727204.0	2606386.0	4678855.0	13369153.0	41377824.0
	15.0	16.0	17.0	18.0	19.0	20.0	21.0	22.0	23.0	24.0	25.0	26.0	27.0	28.0	29.0	30.0	31.0	32.0	33.0	34.0	35.0	36.0	37.0	38.0	39.0	40.0
PDAC214Tkf_R1	7.0	16.0	37.0	116.0	278.0	745.0	1922.0	4474.0	10331.0	21463.0	41059.0	71680.0	117928.0	181045.0	268100.0	378277.0	512441.0	674302.0	870497.0	1112491.0	1434967.0	1898181.0	2697012.0	4456750.0	11458138.0	60213603.0
	12.0	13.0	14.0	15.0	16.0	17.0	18.0	19.0	20.0	21.0	22.0	23.0	24.0	25.0	26.0	27.0	28.0	29.0	30.0	31.0	32.0	33.0	34.0	35.0	36.0	37.0	38.0	39.0	40.0
PDAC214Tkf_R2	74.0	672.0	3823.0	12152.0	32778.0	75024.0	121710.0	155879.0	176428.0	193143.0	213663.0	240890.0	274077.0	314534.0	362547.0	420715.0	491838.0	577451.0	679695.0	805462.0	965595.0	1180641.0	1471059.0	1905574.0	2604867.0	3887545.0	6885476.0	18485844.0	43886704.0
	15.0	16.0	17.0	18.0	19.0	20.0	21.0	22.0	23.0	24.0	25.0	26.0	27.0	28.0	29.0	30.0	31.0	32.0	33.0	34.0	35.0	36.0	37.0	38.0	39.0	40.0
PDAC215T_F8-9kf_R1	1.0	2.0	14.0	52.0	150.0	362.0	885.0	2142.0	5197.0	11281.0	23219.0	43510.0	75673.0	123184.0	190024.0	273171.0	377157.0	504138.0	654862.0	844724.0	1088124.0	1437042.0	2016341.0	3260901.0	8169302.0	48065011.0
	12.0	13.0	14.0	15.0	16.0	17.0	18.0	19.0	20.0	21.0	22.0	23.0	24.0	25.0	26.0	27.0	28.0	29.0	30.0	31.0	32.0	33.0	34.0	35.0	36.0	37.0	38.0	39.0	40.0
PDAC215T_F8-9kf_R2	12.0	240.0	1591.0	5465.0	16321.0	39013.0	66051.0	86441.0	98057.0	109499.0	122698.0	138748.0	156331.0	180104.0	206739.0	241339.0	282113.0	335070.0	398976.0	479775.0	581030.0	714720.0	903201.0	1178522.0	1620076.0	2425147.0	4341854.0	12745758.0	39691578.0
	13.0	14.0	15.0	16.0	17.0	18.0	19.0	20.0	21.0	22.0	23.0	24.0	25.0	26.0	27.0	28.0	29.0	30.0	31.0	32.0	33.0	34.0	35.0	36.0	37.0	38.0	39.0	40.0
PDAC215Tkf_R1	1.0	2.0	6.0	22.0	57.0	152.0	424.0	1211.0	2995.0	7910.0	18222.0	37997.0	72842.0	125490.0	202372.0	311403.0	453817.0	635106.0	852639.0	1110139.0	1419675.0	1792516.0	2276657.0	2958612.0	4081026.0	6514771.0	16073453.0	89734019.0
	12.0	13.0	14.0	15.0	16.0	17.0	18.0	19.0	20.0	21.0	22.0	23.0	24.0	25.0	26.0	27.0	28.0	29.0	30.0	31.0	32.0	33.0	34.0	35.0	36.0	37.0	38.0	39.0	40.0
PDAC215Tkf_R2	37.0	593.0	3183.0	11812.0	40341.0	100021.0	168600.0	223259.0	259252.0	293245.0	328958.0	373075.0	426323.0	488461.0	564435.0	655720.0	767225.0	902502.0	1060652.0	1244744.0	1459914.0	1727703.0	2098308.0	2631825.0	3469122.0	4964564.0	8441096.0	22879571.0	73098995.0
	14.0	15.0	16.0	17.0	18.0	19.0	20.0	21.0	22.0	23.0	24.0	25.0	26.0	27.0	28.0	29.0	30.0	31.0	32.0	33.0	34.0	35.0	36.0	37.0	38.0	39.0	40.0
PDAC216T_F8-9kf_R1	1.0	3.0	0.0	11.0	36.0	142.0	511.0	1663.0	4923.0	12706.0	28533.0	55997.0	99653.0	162601.0	245236.0	344160.0	461468.0	595447.0	743962.0	918649.0	1138424.0	1437543.0	1885260.0	2660652.0	4291400.0	9555567.0	30661691.0
	12.0	13.0	14.0	15.0	16.0	17.0	18.0	19.0	20.0	21.0	22.0	23.0	24.0	25.0	26.0	27.0	28.0	29.0	30.0	31.0	32.0	33.0	34.0	35.0	36.0	37.0	38.0	39.0	40.0
PDAC216T_F8-9kf_R2	22.0	501.0	1527.0	2762.0	7421.0	17494.0	31393.0	47007.0	62884.0	81148.0	102138.0	127321.0	155292.0	188105.0	225033.0	268597.0	319916.0	381237.0	453209.0	543389.0	656518.0	801456.0	991887.0	1257900.0	1658501.0	2346025.0	3791876.0	8945864.0	31839816.0
	13.0	14.0	15.0	16.0	17.0	18.0	19.0	20.0	21.0	22.0	23.0	24.0	25.0	26.0	27.0	28.0	29.0	30.0	31.0	32.0	33.0	34.0	35.0	36.0	37.0	38.0	39.0	40.0
PDAC216Tkf_R1	2.0	1.0	4.0	9.0	33.0	100.0	272.0	826.0	2221.0	6178.0	15050.0	33647.0	66700.0	120100.0	198671.0	306926.0	446669.0	616505.0	814913.0	1040786.0	1301279.0	1602539.0	1988612.0	2511717.0	3360510.0	5161269.0	12035138.0	63543138.0
	12.0	13.0	14.0	15.0	16.0	17.0	18.0	19.0	20.0	21.0	22.0	23.0	24.0	25.0	26.0	27.0	28.0	29.0	30.0	31.0	32.0	33.0	34.0	35.0	36.0	37.0	38.0	39.0	40.0
PDAC216Tkf_R2	13.0	234.0	1391.0	7771.0	30667.0	75010.0	127531.0	173517.0	211419.0	249491.0	291564.0	337654.0	390532.0	447638.0	514678.0	593363.0	687094.0	799751.0	942287.0	1115393.0	1317125.0	1558941.0	1869404.0	2323797.0	3030869.0	4290198.0	7240387.0	19395483.0	47150613.0
	15.0	16.0	17.0	18.0	19.0	20.0	21.0	22.0	23.0	24.0	25.0	26.0	27.0	28.0	29.0	30.0	31.0	32.0	33.0	34.0	35.0	36.0	37.0	38.0	39.0	40.0
PDAC217T_F8-9kf_R1	5.0	8.0	22.0	87.0	209.0	524.0	1308.0	2917.0	6338.0	13539.0	25804.0	46324.0	78509.0	122828.0	184588.0	262331.0	355955.0	467681.0	603461.0	766486.0	978168.0	1279869.0	1785155.0	2879105.0	7208828.0	38931470.0
	12.0	13.0	14.0	15.0	16.0	17.0	18.0	19.0	20.0	21.0	22.0	23.0	24.0	25.0	26.0	27.0	28.0	29.0	30.0	31.0	32.0	33.0	34.0	35.0	36.0	37.0	38.0	39.0	40.0
PDAC217T_F8-9kf_R2	21.0	427.0	2231.0	6994.0	19762.0	43538.0	70121.0	89738.0	103982.0	116194.0	128976.0	146447.0	166177.0	188658.0	216453.0	249244.0	288208.0	336389.0	395188.0	468152.0	560899.0	679674.0	844020.0	1079025.0	1455656.0	2126358.0	3696470.0	10482645.0	32039872.0
	14.0	15.0	16.0	17.0	18.0	19.0	20.0	21.0	22.0	23.0	24.0	25.0	26.0	27.0	28.0	29.0	30.0	31.0	32.0	33.0	34.0	35.0	36.0	37.0	38.0	39.0	40.0
PDAC217Tkf_R1	3.0	1.0	10.0	27.0	116.0	271.0	713.0	2090.0	5442.0	12977.0	28511.0	56936.0	103206.0	171827.0	267488.0	392354.0	545738.0	725666.0	937136.0	1177004.0	1464123.0	1823368.0	2319156.0	3123571.0	4819200.0	11142540.0	60547521.0
	12.0	13.0	14.0	15.0	16.0	17.0	18.0	19.0	20.0	21.0	22.0	23.0	24.0	25.0	26.0	27.0	28.0	29.0	30.0	31.0	32.0	33.0	34.0	35.0	36.0	37.0	38.0	39.0	40.0
PDAC217Tkf_R2	23.0	304.0	1788.0	7707.0	25953.0	60112.0	100042.0	135567.0	164516.0	194211.0	227006.0	265925.0	308392.0	355052.0	411592.0	479856.0	559880.0	659812.0	785760.0	935757.0	1099626.0	1291829.0	1552044.0	1935453.0	2524093.0	3543561.0	5845798.0	15386847.0	50808489.0
	13.0	14.0	15.0	16.0	17.0	18.0	19.0	20.0	21.0	22.0	23.0	24.0	25.0	26.0	27.0	28.0	29.0	30.0	31.0	32.0	33.0	34.0	35.0	36.0	37.0	38.0	39.0	40.0
PDAC218T_F8-9kf_R1	2.0	1.0	7.0	5.0	17.0	35.0	79.0	213.0	579.0	1488.0	3878.0	9005.0	18846.0	36019.0	62701.0	102824.0	157138.0	228123.0	316541.0	423165.0	551725.0	712526.0	917069.0	1202786.0	1669615.0	2666893.0	6790361.0	39226774.0
	12.0	13.0	14.0	15.0	16.0	17.0	18.0	19.0	20.0	21.0	22.0	23.0	24.0	25.0	26.0	27.0	28.0	29.0	30.0	31.0	32.0	33.0	34.0	35.0	36.0	37.0	38.0	39.0	40.0
PDAC218T_F8-9kf_R2	18.0	121.0	804.0	3753.0	14027.0	37425.0	67221.0	91600.0	108327.0	121766.0	136527.0	152118.0	173215.0	195473.0	223193.0	254973.0	292780.0	339774.0	397056.0	467793.0	557134.0	672437.0	832006.0	1060384.0	1412177.0	2036606.0	3475075.0	9617222.0	32357410.0
	13.0	14.0	15.0	16.0	17.0	18.0	19.0	20.0	21.0	22.0	23.0	24.0	25.0	26.0	27.0	28.0	29.0	30.0	31.0	32.0	33.0	34.0	35.0	36.0	37.0	38.0	39.0	40.0
PDAC218Tkf_R1	1.0	5.0	3.0	10.0	54.0	207.0	586.0	1411.0	3378.0	7806.0	18044.0	38610.0	75612.0	136862.0	227416.0	350416.0	513319.0	706524.0	933857.0	1193592.0	1484616.0	1833691.0	2265409.0	2868204.0	3854981.0	5936220.0	13712339.0	70765976.0
	12.0	13.0	14.0	15.0	16.0	17.0	18.0	19.0	20.0	21.0	22.0	23.0	24.0	25.0	26.0	27.0	28.0	29.0	30.0	31.0	32.0	33.0	34.0	35.0	36.0	37.0	38.0	39.0	40.0
PDAC218Tkf_R2	32.0	412.0	2866.0	13953.0	49875.0	118617.0	193788.0	252864.0	295605.0	337248.0	379647.0	430680.0	486016.0	549022.0	621636.0	705414.0	811040.0	942656.0	1104833.0	1292944.0	1498779.0	1736870.0	2060246.0	2544548.0	3306215.0	4651031.0	7655440.0	19184876.0	55701996.0
	14.0	15.0	16.0	17.0	18.0	19.0	20.0	21.0	22.0	23.0	24.0	25.0	26.0	27.0	28.0	29.0	30.0	31.0	32.0	33.0	34.0	35.0	36.0	37.0	38.0	39.0	40.0
PDAC219T_F8-9kf_R1	2.0	2.0	1.0	10.0	48.0	76.0	201.0	562.0	1461.0	3496.0	8047.0	16358.0	29572.0	50381.0	81545.0	122351.0	177486.0	244683.0	327543.0	429111.0	552901.0	712927.0	933612.0	1298051.0	2069882.0	5082047.0	27928709.0
	12.0	13.0	14.0	15.0	16.0	17.0	18.0	19.0	20.0	21.0	22.0	23.0	24.0	25.0	26.0	27.0	28.0	29.0	30.0	31.0	32.0	33.0	34.0	35.0	36.0	37.0	38.0	39.0	40.0
PDAC219T_F8-9kf_R2	20.0	608.0	3224.0	9799.0	27164.0	58695.0	90260.0	108773.0	117948.0	123761.0	131498.0	144757.0	159735.0	179104.0	202641.0	229780.0	264084.0	306112.0	356042.0	419198.0	494490.0	591318.0	726147.0	918411.0	1223195.0	1773654.0	3074745.0	8498216.0	19837686.0
	14.0	15.0	16.0	17.0	18.0	19.0	20.0	21.0	22.0	23.0	24.0	25.0	26.0	27.0	28.0	29.0	30.0	31.0	32.0	33.0	34.0	35.0	36.0	37.0	38.0	39.0	40.0
PDAC219Tkf_R1	3.0	7.0	11.0	35.0	85.0	249.0	571.0	1585.0	4551.0	12200.0	28188.0	57924.0	107055.0	180112.0	280296.0	413036.0	575279.0	764865.0	982698.0	1234991.0	1533418.0	1906246.0	2421231.0	3229557.0	4842108.0	10564803.0	75987690.0
	11.0	12.0	13.0	14.0	15.0	16.0	17.0	18.0	19.0	20.0	21.0	22.0	23.0	24.0	25.0	26.0	27.0	28.0	29.0	30.0	31.0	32.0	33.0	34.0	35.0	36.0	37.0	38.0	39.0	40.0
PDAC219Tkf_R2	2.0	29.0	390.0	2268.0	9017.0	29841.0	69743.0	115125.0	151408.0	179920.0	208994.0	241015.0	279220.0	323834.0	374806.0	435627.0	504285.0	587397.0	689863.0	814669.0	974722.0	1163613.0	1394356.0	1702445.0	2139874.0	2789687.0	3868952.0	6214251.0	15615127.0	64248314.0
	14.0	15.0	16.0	17.0	18.0	19.0	20.0	21.0	22.0	23.0	24.0	25.0	26.0	27.0	28.0	29.0	30.0	31.0	32.0	33.0	34.0	35.0	36.0	37.0	38.0	39.0	40.0
PDAC220T_F8-9kf_R1	3.0	3.0	7.0	15.0	36.0	98.0	233.0	654.0	1618.0	4071.0	9649.0	20019.0	37810.0	66584.0	109553.0	168130.0	244107.0	336784.0	452117.0	588976.0	755566.0	969199.0	1264074.0	1736811.0	2729454.0	6690808.0	42089969.0
	12.0	13.0	14.0	15.0	16.0	17.0	18.0	19.0	20.0	21.0	22.0	23.0	24.0	25.0	26.0	27.0	28.0	29.0	30.0	31.0	32.0	33.0	34.0	35.0	36.0	37.0	38.0	39.0	40.0
PDAC220T_F8-9kf_R2	15.0	287.0	1989.0	6209.0	16575.0	38445.0	63648.0	82645.0	94923.0	106236.0	118846.0	135687.0	154821.0	176447.0	204756.0	236650.0	276768.0	326019.0	386551.0	462130.0	555469.0	675246.0	837880.0	1066723.0	1426250.0	2060662.0	3523976.0	9872761.0	35367734.0
	14.0	15.0	16.0	17.0	18.0	19.0	20.0	21.0	22.0	23.0	24.0	25.0	26.0	27.0	28.0	29.0	30.0	31.0	32.0	33.0	34.0	35.0	36.0	37.0	38.0	39.0	40.0
PDAC220Tkf_R1	3.0	5.0	14.0	23.0	61.0	182.0	536.0	1593.0	4637.0	12010.0	28002.0	57308.0	105819.0	178351.0	278692.0	407454.0	564261.0	748673.0	959261.0	1197972.0	1481584.0	1838593.0	2329535.0	3093828.0	4619033.0	10081520.0	70690086.0
	12.0	13.0	14.0	15.0	16.0	17.0	18.0	19.0	20.0	21.0	22.0	23.0	24.0	25.0	26.0	27.0	28.0	29.0	30.0	31.0	32.0	33.0	34.0	35.0	36.0	37.0	38.0	39.0	40.0
PDAC220Tkf_R2	26.0	187.0	1265.0	6231.0	23900.0	59402.0	103038.0	143093.0	177359.0	211066.0	249173.0	292429.0	340261.0	396074.0	458450.0	530907.0	616874.0	721747.0	847083.0	1001415.0	1188452.0	1418887.0	1721393.0	2152757.0	2806287.0	3911056.0	6366691.0	16331056.0	56602477.0
	15.0	16.0	17.0	18.0	19.0	20.0	21.0	22.0	23.0	24.0	25.0	26.0	27.0	28.0	29.0	30.0	31.0	32.0	33.0	34.0	35.0	36.0	37.0	38.0	39.0	40.0
PDAC221T_F8-9kf_R1	2.0	5.0	8.0	28.0	78.0	219.0	554.0	1368.0	3315.0	7518.0	15231.0	28470.0	48870.0	78970.0	120054.0	173845.0	241451.0	319246.0	415502.0	532982.0	682101.0	890092.0	1226606.0	1938224.0	4807116.0	28618028.0
	12.0	13.0	14.0	15.0	16.0	17.0	18.0	19.0	20.0	21.0	22.0	23.0	24.0	25.0	26.0	27.0	28.0	29.0	30.0	31.0	32.0	33.0	34.0	35.0	36.0	37.0	38.0	39.0	40.0
PDAC221T_F8-9kf_R2	17.0	258.0	1572.0	4228.0	11404.0	28250.0	49364.0	65989.0	76805.0	85989.0	96896.0	109136.0	123617.0	140974.0	160923.0	185559.0	215671.0	253315.0	298408.0	352718.0	420273.0	504603.0	615742.0	779944.0	1036327.0	1498838.0	2551992.0	6955463.0	23525608.0
	14.0	15.0	16.0	17.0	18.0	19.0	20.0	21.0	22.0	23.0	24.0	25.0	26.0	27.0	28.0	29.0	30.0	31.0	32.0	33.0	34.0	35.0	36.0	37.0	38.0	39.0	40.0
PDAC221Tkf_R1	4.0	4.0	14.0	49.0	90.0	212.0	530.0	1513.0	4091.0	10299.0	24004.0	49343.0	93466.0	159685.0	250973.0	370747.0	518736.0	692353.0	890925.0	1121431.0	1394402.0	1736042.0	2200171.0	2935470.0	4408631.0	9778115.0	62105046.0
	11.0	12.0	13.0	14.0	15.0	16.0	17.0	18.0	19.0	20.0	21.0	22.0	23.0	24.0	25.0	26.0	27.0	28.0	29.0	30.0	31.0	32.0	33.0	34.0	35.0	36.0	37.0	38.0	39.0	40.0
PDAC221Tkf_R2	1.0	37.0	415.0	2504.0	11100.0	43222.0	108657.0	185787.0	249969.0	303403.0	355051.0	408109.0	467246.0	528506.0	596267.0	674128.0	761610.0	861919.0	983296.0	1131242.0	1309537.0	1513486.0	1752461.0	2059256.0	2497964.0	3189589.0	4448788.0	7399727.0	18236205.0	38666864.0
	13.0	14.0	15.0	16.0	17.0	18.0	19.0	20.0	21.0	22.0	23.0	24.0	25.0	26.0	27.0	28.0	29.0	30.0	31.0	32.0	33.0	34.0	35.0	36.0	37.0	38.0	39.0	40.0
PDAC222T_F8-9kf_R1	1.0	0.0	1.0	5.0	16.0	67.0	181.0	406.0	990.0	2303.0	5210.0	11438.0	23410.0	42975.0	72827.0	112950.0	163990.0	225962.0	294724.0	372139.0	459203.0	561876.0	688055.0	860164.0	1138359.0	1706585.0	3880205.0	36520498.0
	12.0	13.0	14.0	15.0	16.0	17.0	18.0	19.0	20.0	21.0	22.0	23.0	24.0	25.0	26.0	27.0	28.0	29.0	30.0	31.0	32.0	33.0	34.0	35.0	36.0	37.0	38.0	39.0	40.0
PDAC222T_F8-9kf_R2	28.0	292.0	1387.0	3929.0	9305.0	18691.0	29608.0	38882.0	48370.0	58005.0	69849.0	82505.0	97126.0	113742.0	132912.0	156818.0	185016.0	223024.0	278670.0	353719.0	433726.0	494907.0	571885.0	710277.0	928032.0	1316037.0	2171995.0	5802565.0	32813238.0
	14.0	15.0	16.0	17.0	18.0	19.0	20.0	21.0	22.0	23.0	24.0	25.0	26.0	27.0	28.0	29.0	30.0	31.0	32.0	33.0	34.0	35.0	36.0	37.0	38.0	39.0	40.0
PDAC222Tkf_R1	1.0	0.0	4.0	14.0	59.0	186.0	555.0	1580.0	4154.0	10255.0	23793.0	48948.0	92252.0	156750.0	247632.0	359871.0	497179.0	654291.0	829090.0	1030004.0	1257302.0	1530654.0	1900503.0	2480994.0	3671661.0	8103231.0	74763305.0
	12.0	13.0	14.0	15.0	16.0	17.0	18.0	19.0	20.0	21.0	22.0	23.0	24.0	25.0	26.0	27.0	28.0	29.0	30.0	31.0	32.0	33.0	34.0	35.0	36.0	37.0	38.0	39.0	40.0
PDAC222Tkf_R2	27.0	521.0	2630.0	8060.0	23709.0	50973.0	80829.0	105036.0	125071.0	146669.0	169679.0	196598.0	227761.0	262209.0	303423.0	350110.0	409042.0	484424.0	588084.0	721112.0	859988.0	998080.0	1199382.0	1513991.0	2004534.0	2843289.0	4724230.0	12719694.0	66545113.0
	15.0	16.0	17.0	18.0	19.0	20.0	21.0	22.0	23.0	24.0	25.0	26.0	27.0	28.0	29.0	30.0	31.0	32.0	33.0	34.0	35.0	36.0	37.0	38.0	39.0	40.0
PDAC223T_F8-9kf_R1	1.0	6.0	14.0	27.0	86.0	208.0	564.0	1480.0	3874.0	8630.0	18125.0	34206.0	60416.0	98942.0	151914.0	219886.0	306563.0	410485.0	536283.0	690513.0	886058.0	1161351.0	1605095.0	2550394.0	6307385.0	37915449.0
	11.0	12.0	13.0	14.0	15.0	16.0	17.0	18.0	19.0	20.0	21.0	22.0	23.0	24.0	25.0	26.0	27.0	28.0	29.0	30.0	31.0	32.0	33.0	34.0	35.0	36.0	37.0	38.0	39.0	40.0
PDAC223T_F8-9kf_R2	1.0	18.0	399.0	2386.0	5545.0	13274.0	32530.0	57891.0	78531.0	93557.0	106759.0	120697.0	137485.0	157254.0	179209.0	206119.0	237092.0	274805.0	319656.0	375033.0	444160.0	533998.0	649683.0	806622.0	1030857.0	1382346.0	2011371.0	3444256.0	9426196.0	30840225.0
	13.0	14.0	15.0	16.0	17.0	18.0	19.0	20.0	21.0	22.0	23.0	24.0	25.0	26.0	27.0	28.0	29.0	30.0	31.0	32.0	33.0	34.0	35.0	36.0	37.0	38.0	39.0	40.0
PDAC223Tkf_R1	1.0	5.0	4.0	12.0	34.0	80.0	184.0	475.0	1430.0	3784.0	9248.0	20706.0	41419.0	75894.0	128153.0	206092.0	309110.0	445559.0	614501.0	815827.0	1063984.0	1363512.0	1750250.0	2287471.0	3158066.0	5023035.0	12690637.0	72501273.0
	12.0	13.0	14.0	15.0	16.0	17.0	18.0	19.0	20.0	21.0	22.0	23.0	24.0	25.0	26.0	27.0	28.0	29.0	30.0	31.0	32.0	33.0	34.0	35.0	36.0	37.0	38.0	39.0	40.0
PDAC223Tkf_R2	19.0	230.0	1685.0	7414.0	28525.0	76541.0	137822.0	186066.0	218719.0	246194.0	276766.0	312766.0	354235.0	401386.0	459462.0	526200.0	607435.0	703972.0	822970.0	965280.0	1141424.0	1366503.0	1666750.0	2099247.0	2777497.0	3965253.0	6696837.0	18077133.0	58386415.0
	13.0	14.0	15.0	16.0	17.0	18.0	19.0	20.0	21.0	22.0	23.0	24.0	25.0	26.0	27.0	28.0	29.0	30.0	31.0	32.0	33.0	34.0	35.0	36.0	37.0	38.0	39.0	40.0
PDAC224T_F8-9kf_R1	3.0	4.0	2.0	9.0	18.0	62.0	106.0	247.0	769.0	2124.0	5507.0	12770.0	27173.0	51418.0	89416.0	142586.0	212403.0	298593.0	398559.0	513949.0	646057.0	804974.0	1000782.0	1270204.0	1698718.0	2555689.0	5586219.0	41090175.0
	11.0	12.0	13.0	14.0	15.0	16.0	17.0	18.0	19.0	20.0	21.0	22.0	23.0	24.0	25.0	26.0	27.0	28.0	29.0	30.0	31.0	32.0	33.0	34.0	35.0	36.0	37.0	38.0	39.0	40.0
PDAC224T_F8-9kf_R2	1.0	14.0	142.0	904.0	3889.0	12995.0	30723.0	51337.0	70759.0	86763.0	103080.0	121490.0	141704.0	165964.0	191874.0	223260.0	258377.0	300666.0	352508.0	417909.0	496324.0	593891.0	716128.0	884494.0	1117331.0	1464528.0	2050341.0	3326708.0	8501280.0	34723152.0
	12.0	13.0	14.0	15.0	16.0	17.0	18.0	19.0	20.0	21.0	22.0	23.0	24.0	25.0	26.0	27.0	28.0	29.0	30.0	31.0	32.0	33.0	34.0	35.0	36.0	37.0	38.0	39.0	40.0
PDAC224Tkf_R1	2.0	0.0	1.0	5.0	9.0	29.0	64.0	195.0	497.0	1403.0	3764.0	9776.0	23145.0	47826.0	90737.0	156916.0	249664.0	371836.0	523918.0	704113.0	911337.0	1150868.0	1437204.0	1788999.0	2279589.0	3054016.0	4609658.0	10331804.0	64361399.0
	12.0	13.0	14.0	15.0	16.0	17.0	18.0	19.0	20.0	21.0	22.0	23.0	24.0	25.0	26.0	27.0	28.0	29.0	30.0	31.0	32.0	33.0	34.0	35.0	36.0	37.0	38.0	39.0	40.0
PDAC224Tkf_R2	23.0	303.0	2211.0	10639.0	37447.0	88753.0	145342.0	188403.0	221343.0	250922.0	285491.0	325721.0	368949.0	420490.0	478983.0	546735.0	628966.0	732002.0	861280.0	1019169.0	1198490.0	1412948.0	1695150.0	2100748.0	2736117.0	3840587.0	6305260.0	15911527.0	50294775.0
	14.0	15.0	16.0	17.0	18.0	19.0	20.0	21.0	22.0	23.0	24.0	25.0	26.0	27.0	28.0	29.0	30.0	31.0	32.0	33.0	34.0	35.0	36.0	37.0	38.0	39.0	40.0
PDAC225T_F8-9kf_R1	1.0	2.0	8.0	16.0	32.0	76.0	254.0	722.0	2033.0	5065.0	11997.0	24775.0	46548.0	79715.0	126467.0	187406.0	261576.0	349729.0	450645.0	565644.0	701696.0	872340.0	1107413.0	1480041.0	2225187.0	4845486.0	35962080.0
	10.0	11.0	12.0	13.0	14.0	15.0	16.0	17.0	18.0	19.0	20.0	21.0	22.0	23.0	24.0	25.0	26.0	27.0	28.0	29.0	30.0	31.0	32.0	33.0	34.0	35.0	36.0	37.0	38.0	39.0	40.0
PDAC225T_F8-9kf_R2	1.0	1.0	16.0	158.0	1064.0	3995.0	11771.0	26140.0	41944.0	55825.0	67476.0	80055.0	93603.0	110103.0	129609.0	151990.0	177624.0	207544.0	244450.0	287799.0	342313.0	410421.0	494751.0	602907.0	746975.0	953077.0	1260769.0	1772192.0	2888959.0	7415019.0	30728403.0
	13.0	14.0	15.0	16.0	17.0	18.0	19.0	20.0	21.0	22.0	23.0	24.0	25.0	26.0	27.0	28.0	29.0	30.0	31.0	32.0	33.0	34.0	35.0	36.0	37.0	38.0	39.0	40.0
PDAC225Tkf_R1	3.0	2.0	6.0	13.0	30.0	75.0	188.0	491.0	1496.0	4124.0	10826.0	24890.0	50941.0	95153.0	162088.0	255795.0	376782.0	527943.0	707497.0	915497.0	1155479.0	1436224.0	1792189.0	2274774.0	3040689.0	4556889.0	10106227.0	66277668.0
	11.0	12.0	13.0	14.0	15.0	16.0	17.0	18.0	19.0	20.0	21.0	22.0	23.0	24.0	25.0	26.0	27.0	28.0	29.0	30.0	31.0	32.0	33.0	34.0	35.0	36.0	37.0	38.0	39.0	40.0
PDAC225Tkf_R2	2.0	35.0	255.0	1548.0	8276.0	32110.0	78408.0	133252.0	178583.0	214752.0	249200.0	286906.0	328566.0	376866.0	432045.0	491394.0	564087.0	646528.0	749273.0	873712.0	1031253.0	1212704.0	1430419.0	1715984.0	2124253.0	2744157.0	3782044.0	6094329.0	15274002.0	52719036.0
	15.0	16.0	17.0	18.0	19.0	20.0	21.0	22.0	23.0	24.0	25.0	26.0	27.0	28.0	29.0	30.0	31.0	32.0	33.0	34.0	35.0	36.0	37.0	38.0	39.0	40.0
PDAC226T_F8-9kf_R1	7.0	10.0	19.0	59.0	156.0	407.0	1045.0	2845.0	7295.0	17528.0	36839.0	69745.0	121154.0	191757.0	283925.0	396194.0	528422.0	682520.0	859485.0	1074368.0	1351971.0	1764468.0	2441499.0	3949277.0	9498264.0	58073577.0
	10.0	11.0	12.0	13.0	14.0	15.0	16.0	17.0	18.0	19.0	20.0	21.0	22.0	23.0	24.0	25.0	26.0	27.0	28.0	29.0	30.0	31.0	32.0	33.0	34.0	35.0	36.0	37.0	38.0	39.0	40.0
PDAC226T_F8-9kf_R2	1.0	1.0	55.0	754.0	3223.0	10814.0	34513.0	80106.0	128136.0	162540.0	182570.0	198531.0	218363.0	241844.0	268698.0	299324.0	336675.0	380060.0	430539.0	492974.0	571141.0	671332.0	793007.0	950395.0	1163737.0	1467239.0	1932438.0	2750240.0	4564318.0	11795221.0	51224047.0
	13.0	14.0	15.0	16.0	17.0	18.0	19.0	20.0	21.0	22.0	23.0	24.0	25.0	26.0	27.0	28.0	29.0	30.0	31.0	32.0	33.0	34.0	35.0	36.0	37.0	38.0	39.0	40.0
PDAC226Tkf_R1	1.0	1.0	6.0	14.0	38.0	82.0	203.0	585.0	1748.0	4900.0	12969.0	29803.0	61153.0	113820.0	192220.0	301980.0	443144.0	616675.0	821663.0	1055185.0	1323609.0	1643564.0	2040941.0	2587337.0	3446942.0	5151891.0	11192046.0	78984267.0
	9.0	10.0	11.0	12.0	13.0	14.0	15.0	16.0	17.0	18.0	19.0	20.0	21.0	22.0	23.0	24.0	25.0	26.0	27.0	28.0	29.0	30.0	31.0	32.0	33.0	34.0	35.0	36.0	37.0	38.0	39.0	40.0
PDAC226Tkf_R2	1.0	0.0	1.0	32.0	391.0	2157.0	8235.0	28453.0	70453.0	121849.0	172251.0	219465.0	266516.0	318961.0	375493.0	440637.0	511055.0	592164.0	684551.0	791357.0	920605.0	1079497.0	1277252.0	1507665.0	1791227.0	2155278.0	2664208.0	3422124.0	4723912.0	7692371.0	19879729.0	58308897.0
	14.0	15.0	16.0	17.0	18.0	19.0	20.0	21.0	22.0	23.0	24.0	25.0	26.0	27.0	28.0	29.0	30.0	31.0	32.0	33.0	34.0	35.0	36.0	37.0	38.0	39.0	40.0
PDAC227T_F8-9kf_R1	1.0	1.0	3.0	10.0	46.0	129.0	325.0	873.0	2072.0	4837.0	10436.0	20501.0	36998.0	61681.0	96503.0	143333.0	202044.0	272929.0	358882.0	462107.0	589236.0	757992.0	1002852.0	1417189.0	2310769.0	5675293.0	35057488.0
	12.0	13.0	14.0	15.0	16.0	17.0	18.0	19.0	20.0	21.0	22.0	23.0	24.0	25.0	26.0	27.0	28.0	29.0	30.0	31.0	32.0	33.0	34.0	35.0	36.0	37.0	38.0	39.0	40.0
PDAC227T_F8-9kf_R2	21.0	268.0	1325.0	4070.0	11392.0	23273.0	36505.0	45962.0	53831.0	61434.0	70147.0	81560.0	95347.0	110835.0	130655.0	154993.0	185353.0	223408.0	270898.0	327454.0	405310.0	509660.0	657564.0	887527.0	1250398.0	1885678.0	3332110.0	9226720.0	28440832.0
	12.0	13.0	14.0	15.0	16.0	17.0	18.0	19.0	20.0	21.0	22.0	23.0	24.0	25.0	26.0	27.0	28.0	29.0	30.0	31.0	32.0	33.0	34.0	35.0	36.0	37.0	38.0	39.0	40.0
PDAC227Tkf_R1	1.0	1.0	3.0	8.0	18.0	49.0	120.0	341.0	852.0	2120.0	5074.0	11374.0	23045.0	44134.0	77640.0	127273.0	194092.0	285138.0	396356.0	533693.0	696768.0	892691.0	1141228.0	1464458.0	1947369.0	2773962.0	4575309.0	11338689.0	55047189.0
	11.0	12.0	13.0	14.0	15.0	16.0	17.0	18.0	19.0	20.0	21.0	22.0	23.0	24.0	25.0	26.0	27.0	28.0	29.0	30.0	31.0	32.0	33.0	34.0	35.0	36.0	37.0	38.0	39.0	40.0
PDAC227Tkf_R2	1.0	46.0	362.0	2522.0	10866.0	33306.0	71692.0	110874.0	137914.0	156847.0	175150.0	197796.0	223729.0	256451.0	295251.0	342139.0	400003.0	468437.0	554525.0	659379.0	788811.0	949914.0	1167977.0	1480172.0	1942270.0	2677315.0	3956513.0	6729550.0	16519977.0	41269206.0

