Sample	40	41	42	43	44	45	46	47	48	49	50	51	52	53	54	55	56	57	58	59	60	61	62	63	64	65	66	67	68	69	70	71	72	73	74	75
PDAC200Tkf1_fwd	586.0	571.0	577.0	548.0	556.0	502.0	524.0	498.0	684.0	615.0	603.0	655.0	689.0	758.0	725.0	813.0	807.0	784.0	794.0	799.0	860.0	816.0	868.0	830.0	897.0	897.0	893.0	927.0	11607.0	12951.0	14670.0	15855.0	18825.0	22049.0	24998.0	78994202.0
PDAC200Tkf1_rev	586.0	571.0	577.0	548.0	556.0	502.0	524.0	498.0	684.0	615.0	603.0	655.0	689.0	758.0	725.0	813.0	807.0	784.0	794.0	799.0	860.0	816.0	868.0	830.0	897.0	897.0	893.0	927.0	11607.0	12951.0	14670.0	15855.0	18825.0	22049.0	24998.0	78994202.0
PDAC201T_F8-9kf1_fwd	707.0	667.0	623.0	641.0	639.0	557.0	495.0	542.0	618.0	646.0	655.0	659.0	718.0	798.0	753.0	804.0	816.0	837.0	821.0	854.0	815.0	749.0	836.0	730.0	766.0	695.0	749.0	755.0	16363.0	17976.0	19961.0	20789.0	24698.0	28187.0	31623.0	50189592.0
PDAC201T_F8-9kf1_rev	707.0	667.0	623.0	641.0	639.0	557.0	495.0	542.0	618.0	646.0	655.0	659.0	718.0	798.0	753.0	804.0	816.0	837.0	821.0	854.0	815.0	749.0	836.0	730.0	766.0	695.0	749.0	755.0	16363.0	17976.0	19961.0	20789.0	24698.0	28187.0	31623.0	50189592.0
PDAC201Tkf1_fwd	1061.0	1116.0	1000.0	1047.0	1050.0	976.0	1050.0	958.0	1224.0	1133.0	1164.0	1360.0	1361.0	1409.0	1364.0	1460.0	1450.0	1457.0	1520.0	1544.0	1578.0	1452.0	1497.0	1576.0	1478.0	1509.0	1503.0	1515.0	25111.0	27859.0	31351.0	32632.0	39741.0	44868.0	50807.0	132274833.0
PDAC201Tkf1_rev	1061.0	1116.0	1000.0	1047.0	1050.0	976.0	1050.0	958.0	1224.0	1133.0	1164.0	1360.0	1361.0	1409.0	1364.0	1460.0	1450.0	1457.0	1520.0	1544.0	1578.0	1452.0	1497.0	1576.0	1478.0	1509.0	1503.0	1515.0	25111.0	27859.0	31351.0	32632.0	39741.0	44868.0	50807.0	132274833.0
PDAC202T_F8-9kf1_fwd	406.0	355.0	368.0	370.0	363.0	384.0	325.0	368.0	433.0	364.0	397.0	419.0	437.0	489.0	513.0	518.0	515.0	531.0	483.0	528.0	513.0	526.0	531.0	550.0	530.0	537.0	529.0	507.0	6687.0	7387.0	8364.0	8738.0	10563.0	12225.0	13809.0	46086823.0
PDAC202T_F8-9kf1_rev	406.0	355.0	368.0	370.0	363.0	384.0	325.0	368.0	433.0	364.0	397.0	419.0	437.0	489.0	513.0	518.0	515.0	531.0	483.0	528.0	513.0	526.0	531.0	550.0	530.0	537.0	529.0	507.0	6687.0	7387.0	8364.0	8738.0	10563.0	12225.0	13809.0	46086823.0
PDAC202Tkf1_fwd	633.0	635.0	609.0	563.0	602.0	649.0	574.0	556.0	738.0	739.0	637.0	709.0	778.0	805.0	790.0	877.0	819.0	884.0	893.0	840.0	863.0	829.0	883.0	935.0	949.0	891.0	904.0	942.0	10848.0	12030.0	13410.0	14343.0	17083.0	19750.0	22610.0	96820179.0
PDAC202Tkf1_rev	633.0	635.0	609.0	563.0	602.0	649.0	574.0	556.0	738.0	739.0	637.0	709.0	778.0	805.0	790.0	877.0	819.0	884.0	893.0	840.0	863.0	829.0	883.0	935.0	949.0	891.0	904.0	942.0	10848.0	12030.0	13410.0	14343.0	17083.0	19750.0	22610.0	96820179.0
PDAC203T_F8-9kf1_fwd	545.0	511.0	595.0	555.0	586.0	455.0	391.0	404.0	443.0	422.0	523.0	520.0	623.0	562.0	681.0	658.0	594.0	692.0	708.0	653.0	707.0	629.0	695.0	620.0	685.0	636.0	528.0	521.0	16523.0	18235.0	20141.0	20846.0	24906.0	28435.0	31198.0	43588684.0
PDAC203T_F8-9kf1_rev	545.0	511.0	595.0	555.0	586.0	455.0	391.0	404.0	443.0	422.0	523.0	520.0	623.0	562.0	681.0	658.0	594.0	692.0	708.0	653.0	707.0	629.0	695.0	620.0	685.0	636.0	528.0	521.0	16523.0	18235.0	20141.0	20846.0	24906.0	28435.0	31198.0	43588684.0
PDAC203Tkf1_fwd	563.0	566.0	525.0	544.0	592.0	617.0	583.0	585.0	688.0	794.0	743.0	814.0	953.0	938.0	984.0	1073.0	1072.0	1243.0	1207.0	1268.0	1260.0	1187.0	1239.0	1318.0	1192.0	1186.0	1059.0	1075.0	30258.0	34583.0	36954.0	36593.0	42040.0	47546.0	52616.0	78355692.0
PDAC203Tkf1_rev	563.0	566.0	525.0	544.0	592.0	617.0	583.0	585.0	688.0	794.0	743.0	814.0	953.0	938.0	984.0	1073.0	1072.0	1243.0	1207.0	1268.0	1260.0	1187.0	1239.0	1318.0	1192.0	1186.0	1059.0	1075.0	30258.0	34583.0	36954.0	36593.0	42040.0	47546.0	52616.0	78355692.0
PDAC204T_F8-9kf1_fwd	362.0	372.0	346.0	378.0	355.0	325.0	331.0	284.0	408.0	417.0	447.0	447.0	457.0	457.0	522.0	479.0	532.0	575.0	662.0	570.0	513.0	564.0	475.0	544.0	498.0	540.0	553.0	525.0	7831.0	8471.0	9196.0	9478.0	11234.0	13061.0	14633.0	27629749.0
PDAC204T_F8-9kf1_rev	362.0	372.0	346.0	378.0	355.0	325.0	331.0	284.0	408.0	417.0	447.0	447.0	457.0	457.0	522.0	479.0	532.0	575.0	662.0	570.0	513.0	564.0	475.0	544.0	498.0	540.0	553.0	525.0	7831.0	8471.0	9196.0	9478.0	11234.0	13061.0	14633.0	27629749.0
PDAC204Tkf1_fwd	643.0	689.0	662.0	627.0	617.0	667.0	614.0	553.0	717.0	690.0	697.0	728.0	706.0	861.0	903.0	960.0	872.0	945.0	992.0	916.0	957.0	917.0	991.0	934.0	952.0	970.0	970.0	995.0	12417.0	13753.0	15429.0	16172.0	19155.0	22778.0	25948.0	88889296.0
PDAC204Tkf1_rev	643.0	689.0	662.0	627.0	617.0	667.0	614.0	553.0	717.0	690.0	697.0	728.0	706.0	861.0	903.0	960.0	872.0	945.0	992.0	916.0	957.0	917.0	991.0	934.0	952.0	970.0	970.0	995.0	12417.0	13753.0	15429.0	16172.0	19155.0	22778.0	25948.0	88889296.0
PDAC205T_F8-9kf1_fwd	523.0	532.0	536.0	480.0	491.0	449.0	488.0	487.0	521.0	521.0	569.0	623.0	580.0	756.0	695.0	687.0	688.0	847.0	757.0	775.0	776.0	719.0	738.0	755.0	711.0	739.0	694.0	708.0	18422.0	20548.0	22863.0	24326.0	28660.0	33002.0	37067.0	54073015.0
PDAC205T_F8-9kf1_rev	523.0	532.0	536.0	480.0	491.0	449.0	488.0	487.0	521.0	521.0	569.0	623.0	580.0	756.0	695.0	687.0	688.0	847.0	757.0	775.0	776.0	719.0	738.0	755.0	711.0	739.0	694.0	708.0	18422.0	20548.0	22863.0	24326.0	28660.0	33002.0	37067.0	54073015.0
PDAC205Tkf1_fwd	704.0	703.0	664.0	666.0	637.0	622.0	635.0	590.0	690.0	753.0	713.0	809.0	820.0	912.0	850.0	943.0	1004.0	1079.0	1129.0	1080.0	991.0	1047.0	1006.0	1110.0	989.0	979.0	1007.0	945.0	17908.0	20224.0	22229.0	23471.0	28054.0	32262.0	35130.0	74176304.0
PDAC205Tkf1_rev	704.0	703.0	664.0	666.0	637.0	622.0	635.0	590.0	690.0	753.0	713.0	809.0	820.0	912.0	850.0	943.0	1004.0	1079.0	1129.0	1080.0	991.0	1047.0	1006.0	1110.0	989.0	979.0	1007.0	945.0	17908.0	20224.0	22229.0	23471.0	28054.0	32262.0	35130.0	74176304.0
PDAC206T_F8-9kf1_fwd	493.0	486.0	470.0	531.0	530.0	487.0	526.0	488.0	553.0	590.0	600.0	695.0	626.0	641.0	679.0	695.0	646.0	732.0	809.0	710.0	732.0	707.0	689.0	788.0	652.0	757.0	760.0	742.0	13264.0	14509.0	16350.0	17009.0	20131.0	23304.0	25952.0	35979591.0
PDAC206T_F8-9kf1_rev	493.0	486.0	470.0	531.0	530.0	487.0	526.0	488.0	553.0	590.0	600.0	695.0	626.0	641.0	679.0	695.0	646.0	732.0	809.0	710.0	732.0	707.0	689.0	788.0	652.0	757.0	760.0	742.0	13264.0	14509.0	16350.0	17009.0	20131.0	23304.0	25952.0	35979591.0
PDAC206Tkf1_fwd	2061.0	2213.0	1921.0	2018.0	2033.0	2152.0	2233.0	2230.0	2716.0	2870.0	2847.0	2874.0	2999.0	3365.0	3476.0	3766.0	3805.0	4167.0	4454.0	4604.0	4125.0	3772.0	3764.0	3623.0	3663.0	3566.0	3680.0	3349.0	105772.0	121847.0	126944.0	117244.0	131956.0	146895.0	160790.0	146197606.0
PDAC206Tkf1_rev	2061.0	2213.0	1921.0	2018.0	2033.0	2152.0	2233.0	2230.0	2716.0	2870.0	2847.0	2874.0	2999.0	3365.0	3476.0	3766.0	3805.0	4167.0	4454.0	4604.0	4125.0	3772.0	3764.0	3623.0	3663.0	3566.0	3680.0	3349.0	105772.0	121847.0	126944.0	117244.0	131956.0	146895.0	160790.0	146197606.0
PDAC207T_F8-9kf1_fwd	1325.0	1390.0	1199.0	1279.0	1237.0	1024.0	1169.0	1157.0	1534.0	1525.0	1507.0	1466.0	1442.0	1510.0	1553.0	1742.0	1830.0	2081.0	2563.0	2204.0	1933.0	1871.0	1730.0	1626.0	1353.0	1501.0	1628.0	1464.0	36944.0	44247.0	43947.0	37035.0	38805.0	41704.0	45547.0	50607191.0
PDAC207T_F8-9kf1_rev	1325.0	1390.0	1199.0	1279.0	1237.0	1024.0	1169.0	1157.0	1534.0	1525.0	1507.0	1466.0	1442.0	1510.0	1553.0	1742.0	1830.0	2081.0	2563.0	2204.0	1933.0	1871.0	1730.0	1626.0	1353.0	1501.0	1628.0	1464.0	36944.0	44247.0	43947.0	37035.0	38805.0	41704.0	45547.0	50607191.0
PDAC207Tkf1_fwd	721.0	766.0	710.0	715.0	622.0	702.0	734.0	727.0	918.0	902.0	897.0	868.0	1055.0	1039.0	1109.0	1184.0	1239.0	1293.0	1426.0	1433.0	1414.0	1232.0	1332.0	1316.0	1259.0	1276.0	1197.0	1154.0	35580.0	40439.0	42892.0	41305.0	47708.0	54056.0	59953.0	67767597.0
PDAC207Tkf1_rev	721.0	766.0	710.0	715.0	622.0	702.0	734.0	727.0	918.0	902.0	897.0	868.0	1055.0	1039.0	1109.0	1184.0	1239.0	1293.0	1426.0	1433.0	1414.0	1232.0	1332.0	1316.0	1259.0	1276.0	1197.0	1154.0	35580.0	40439.0	42892.0	41305.0	47708.0	54056.0	59953.0	67767597.0
PDAC208T_F8-9kf1_fwd	411.0	432.0	413.0	433.0	463.0	390.0	427.0	376.0	416.0	473.0	486.0	544.0	741.0	644.0	763.0	777.0	682.0	795.0	799.0	765.0	790.0	694.0	725.0	771.0	704.0	777.0	685.0	665.0	19545.0	20866.0	24056.0	24574.0	29059.0	33316.0	36719.0	37259370.0
PDAC208T_F8-9kf1_rev	411.0	432.0	413.0	433.0	463.0	390.0	427.0	376.0	416.0	473.0	486.0	544.0	741.0	644.0	763.0	777.0	682.0	795.0	799.0	765.0	790.0	694.0	725.0	771.0	704.0	777.0	685.0	665.0	19545.0	20866.0	24056.0	24574.0	29059.0	33316.0	36719.0	37259370.0
PDAC208Tkf1_fwd	739.0	804.0	695.0	663.0	750.0	730.0	678.0	764.0	1073.0	1034.0	1064.0	1064.0	1237.0	1238.0	1401.0	1455.0	1529.0	1526.0	1756.0	1825.0	1605.0	1497.0	1418.0	1379.0	1355.0	1356.0	1382.0	1254.0	51800.0	61035.0	62479.0	58524.0	64724.0	72728.0	79858.0	93313384.0
PDAC208Tkf1_rev	739.0	804.0	695.0	663.0	750.0	730.0	678.0	764.0	1073.0	1034.0	1064.0	1064.0	1237.0	1238.0	1401.0	1455.0	1529.0	1526.0	1756.0	1825.0	1605.0	1497.0	1418.0	1379.0	1355.0	1356.0	1382.0	1254.0	51800.0	61035.0	62479.0	58524.0	64724.0	72728.0	79858.0	93313384.0
PDAC209T_F8-9kf1_fwd	273.0	251.0	244.0	256.0	274.0	254.0	261.0	259.0	285.0	291.0	283.0	334.0	397.0	390.0	454.0	453.0	442.0	449.0	496.0	490.0	436.0	472.0	469.0	520.0	533.0	525.0	479.0	526.0	11448.0	12707.0	14065.0	14781.0	17425.0	20128.0	22489.0	35427989.0
PDAC209T_F8-9kf1_rev	273.0	251.0	244.0	256.0	274.0	254.0	261.0	259.0	285.0	291.0	283.0	334.0	397.0	390.0	454.0	453.0	442.0	449.0	496.0	490.0	436.0	472.0	469.0	520.0	533.0	525.0	479.0	526.0	11448.0	12707.0	14065.0	14781.0	17425.0	20128.0	22489.0	35427989.0
PDAC209Tkf1_fwd	683.0	654.0	594.0	655.0	647.0	650.0	608.0	578.0	813.0	756.0	843.0	812.0	897.0	861.0	938.0	1012.0	1074.0	1122.0	1118.0	1112.0	1120.0	1083.0	1205.0	1165.0	1103.0	1115.0	1120.0	1053.0	25504.0	28232.0	30842.0	32371.0	38772.0	44528.0	50203.0	76750689.0
PDAC209Tkf1_rev	683.0	654.0	594.0	655.0	647.0	650.0	608.0	578.0	813.0	756.0	843.0	812.0	897.0	861.0	938.0	1012.0	1074.0	1122.0	1118.0	1112.0	1120.0	1083.0	1205.0	1165.0	1103.0	1115.0	1120.0	1053.0	25504.0	28232.0	30842.0	32371.0	38772.0	44528.0	50203.0	76750689.0
PDAC210T_F8-9kf1_fwd	348.0	383.0	342.0	370.0	445.0	420.0	387.0	434.0	430.0	480.0	474.0	487.0	543.0	543.0	549.0	577.0	537.0	601.0	604.0	553.0	533.0	538.0	533.0	546.0	500.0	488.0	484.0	566.0	9033.0	10046.0	10991.0	11100.0	13554.0	15412.0	17215.0	36152456.0
PDAC210T_F8-9kf1_rev	348.0	383.0	342.0	370.0	445.0	420.0	387.0	434.0	430.0	480.0	474.0	487.0	543.0	543.0	549.0	577.0	537.0	601.0	604.0	553.0	533.0	538.0	533.0	546.0	500.0	488.0	484.0	566.0	9033.0	10046.0	10991.0	11100.0	13554.0	15412.0	17215.0	36152456.0
PDAC210Tkf1_fwd	609.0	588.0	577.0	551.0	558.0	517.0	557.0	526.0	644.0	654.0	640.0	719.0	738.0	692.0	685.0	784.0	811.0	819.0	761.0	810.0	767.0	761.0	796.0	749.0	732.0	759.0	793.0	790.0	9476.0	10777.0	11987.0	12660.0	15028.0	16922.0	19295.0	70539062.0
PDAC210Tkf1_rev	609.0	588.0	577.0	551.0	558.0	517.0	557.0	526.0	644.0	654.0	640.0	719.0	738.0	692.0	685.0	784.0	811.0	819.0	761.0	810.0	767.0	761.0	796.0	749.0	732.0	759.0	793.0	790.0	9476.0	10777.0	11987.0	12660.0	15028.0	16922.0	19295.0	70539062.0
PDAC211T_F8-9kf1_fwd	407.0	372.0	371.0	427.0	392.0	405.0	376.0	416.0	379.0	464.0	507.0	485.0	485.0	552.0	610.0	652.0	603.0	671.0	769.0	650.0	655.0	610.0	629.0	609.0	713.0	635.0	657.0	659.0	18057.0	19940.0	22594.0	23111.0	27544.0	31455.0	34982.0	40174103.0
PDAC211T_F8-9kf1_rev	407.0	372.0	371.0	427.0	392.0	405.0	376.0	416.0	379.0	464.0	507.0	485.0	485.0	552.0	610.0	652.0	603.0	671.0	769.0	650.0	655.0	610.0	629.0	609.0	713.0	635.0	657.0	659.0	18057.0	19940.0	22594.0	23111.0	27544.0	31455.0	34982.0	40174103.0
PDAC211Tkf1_fwd	1004.0	1028.0	976.0	1049.0	965.0	972.0	959.0	908.0	1089.0	1084.0	1156.0	1137.0	1115.0	1209.0	1393.0	1382.0	1331.0	1439.0	1594.0	1424.0	1456.0	1385.0	1426.0	1404.0	1377.0	1415.0	1532.0	1424.0	23608.0	26227.0	28998.0	30865.0	35917.0	42356.0	47238.0	105725453.0
PDAC211Tkf1_rev	1004.0	1028.0	976.0	1049.0	965.0	972.0	959.0	908.0	1089.0	1084.0	1156.0	1137.0	1115.0	1209.0	1393.0	1382.0	1331.0	1439.0	1594.0	1424.0	1456.0	1385.0	1426.0	1404.0	1377.0	1415.0	1532.0	1424.0	23608.0	26227.0	28998.0	30865.0	35917.0	42356.0	47238.0	105725453.0
PDAC212T_F8-9kf1_fwd	589.0	613.0	557.0	572.0	559.0	546.0	519.0	503.0	569.0	551.0	570.0	630.0	677.0	755.0	736.0	780.0	853.0	856.0	833.0	809.0	739.0	776.0	864.0	853.0	772.0	808.0	712.0	794.0	16942.0	18818.0	20789.0	21548.0	25615.0	28810.0	32841.0	51216452.0
PDAC212T_F8-9kf1_rev	589.0	613.0	557.0	572.0	559.0	546.0	519.0	503.0	569.0	551.0	570.0	630.0	677.0	755.0	736.0	780.0	853.0	856.0	833.0	809.0	739.0	776.0	864.0	853.0	772.0	808.0	712.0	794.0	16942.0	18818.0	20789.0	21548.0	25615.0	28810.0	32841.0	51216452.0
PDAC213T_F8-9kf1_fwd	202.0	221.0	203.0	204.0	205.0	193.0	209.0	214.0	266.0	252.0	275.0	321.0	346.0	339.0	360.0	396.0	417.0	420.0	470.0	445.0	426.0	436.0	438.0	448.0	485.0	430.0	405.0	389.0	13398.0	14935.0	16517.0	16682.0	20369.0	23444.0	26464.0	26877080.0
PDAC213T_F8-9kf1_rev	202.0	221.0	203.0	204.0	205.0	193.0	209.0	214.0	266.0	252.0	275.0	321.0	346.0	339.0	360.0	396.0	417.0	420.0	470.0	445.0	426.0	436.0	438.0	448.0	485.0	430.0	405.0	389.0	13398.0	14935.0	16517.0	16682.0	20369.0	23444.0	26464.0	26877080.0
PDAC213Tkf1_fwd	786.0	795.0	810.0	704.0	778.0	665.0	688.0	652.0	730.0	746.0	761.0	804.0	928.0	983.0	1089.0	1167.0	1097.0	1098.0	1143.0	1131.0	1113.0	1142.0	1137.0	1171.0	1143.0	1179.0	1023.0	1095.0	25598.0	27555.0	30793.0	32592.0	38511.0	44311.0	49324.0	96956134.0
PDAC213Tkf1_rev	786.0	795.0	810.0	704.0	778.0	665.0	688.0	652.0	730.0	746.0	761.0	804.0	928.0	983.0	1089.0	1167.0	1097.0	1098.0	1143.0	1131.0	1113.0	1142.0	1137.0	1171.0	1143.0	1179.0	1023.0	1095.0	25598.0	27555.0	30793.0	32592.0	38511.0	44311.0	49324.0	96956134.0
PDAC214T_F8-9kf1_fwd	379.0	483.0	421.0	382.0	427.0	394.0	407.0	440.0	482.0	546.0	537.0	609.0	646.0	628.0	726.0	784.0	739.0	818.0	821.0	841.0	716.0	812.0	816.0	792.0	692.0	729.0	670.0	620.0	17559.0	19125.0	21353.0	21711.0	26497.0	29883.0	33711.0	37524771.0
PDAC214T_F8-9kf1_rev	379.0	483.0	421.0	382.0	427.0	394.0	407.0	440.0	482.0	546.0	537.0	609.0	646.0	628.0	726.0	784.0	739.0	818.0	821.0	841.0	716.0	812.0	816.0	792.0	692.0	729.0	670.0	620.0	17559.0	19125.0	21353.0	21711.0	26497.0	29883.0	33711.0	37524771.0
PDAC214Tkf1_fwd	724.0	689.0	713.0	698.0	739.0	697.0	645.0	565.0	652.0	637.0	716.0	759.0	762.0	789.0	812.0	839.0	837.0	951.0	1053.0	920.0	913.0	886.0	909.0	896.0	840.0	813.0	812.0	829.0	15398.0	16683.0	18590.0	19067.0	22949.0	26149.0	29155.0	50739534.0
PDAC214Tkf1_rev	724.0	689.0	713.0	698.0	739.0	697.0	645.0	565.0	652.0	637.0	716.0	759.0	762.0	789.0	812.0	839.0	837.0	951.0	1053.0	920.0	913.0	886.0	909.0	896.0	840.0	813.0	812.0	829.0	15398.0	16683.0	18590.0	19067.0	22949.0	26149.0	29155.0	50739534.0
PDAC215T_F8-9kf1_fwd	501.0	520.0	498.0	468.0	491.0	345.0	329.0	320.0	370.0	425.0	415.0	457.0	505.0	512.0	498.0	481.0	515.0	518.0	585.0	589.0	531.0	447.0	562.0	460.0	464.0	508.0	541.0	505.0	9301.0	9887.0	10920.0	10614.0	12548.0	14694.0	14689.0	18977329.0
PDAC215T_F8-9kf1_rev	501.0	520.0	498.0	468.0	491.0	345.0	329.0	320.0	370.0	425.0	415.0	457.0	505.0	512.0	498.0	481.0	515.0	518.0	585.0	589.0	531.0	447.0	562.0	460.0	464.0	508.0	541.0	505.0	9301.0	9887.0	10920.0	10614.0	12548.0	14694.0	14689.0	18977329.0
PDAC215Tkf1_fwd	1393.0	1486.0	1368.0	1393.0	1414.0	1394.0	1371.0	1383.0	1548.0	1691.0	1806.0	1667.0	1708.0	1805.0	1961.0	1894.0	2041.0	2190.0	2448.0	2089.0	2064.0	2092.0	2126.0	1940.0	2015.0	2057.0	2141.0	1998.0	39622.0	43660.0	48208.0	50814.0	59845.0	68869.0	75735.0	101757308.0
PDAC215Tkf1_rev	1393.0	1486.0	1368.0	1393.0	1414.0	1394.0	1371.0	1383.0	1548.0	1691.0	1806.0	1667.0	1708.0	1805.0	1961.0	1894.0	2041.0	2190.0	2448.0	2089.0	2064.0	2092.0	2126.0	1940.0	2015.0	2057.0	2141.0	1998.0	39622.0	43660.0	48208.0	50814.0	59845.0	68869.0	75735.0	101757308.0
PDAC216T_F8-9kf1_fwd	244.0	246.0	230.0	240.0	270.0	205.0	246.0	255.0	280.0	253.0	261.0	285.0	312.0	354.0	377.0	386.0	361.0	369.0	387.0	384.0	401.0	385.0	384.0	372.0	355.0	368.0	285.0	308.0	7887.0	8459.0	9729.0	9935.0	12188.0	13867.0	15811.0	30809945.0
PDAC216T_F8-9kf1_rev	244.0	246.0	230.0	240.0	270.0	205.0	246.0	255.0	280.0	253.0	261.0	285.0	312.0	354.0	377.0	386.0	361.0	369.0	387.0	384.0	401.0	385.0	384.0	372.0	355.0	368.0	285.0	308.0	7887.0	8459.0	9729.0	9935.0	12188.0	13867.0	15811.0	30809945.0
PDAC216Tkf1_fwd	886.0	848.0	797.0	827.0	763.0	808.0	819.0	791.0	834.0	873.0	874.0	874.0	845.0	929.0	955.0	1057.0	999.0	963.0	1022.0	1002.0	1049.0	983.0	949.0	1014.0	935.0	938.0	996.0	992.0	8040.0	8837.0	9831.0	10158.0	12049.0	13624.0	15346.0	88800526.0
PDAC216Tkf1_rev	886.0	848.0	797.0	827.0	763.0	808.0	819.0	791.0	834.0	873.0	874.0	874.0	845.0	929.0	955.0	1057.0	999.0	963.0	1022.0	1002.0	1049.0	983.0	949.0	1014.0	935.0	938.0	996.0	992.0	8040.0	8837.0	9831.0	10158.0	12049.0	13624.0	15346.0	88800526.0
PDAC217T_F8-9kf1_fwd	472.0	454.0	576.0	481.0	523.0	413.0	359.0	326.0	411.0	404.0	415.0	459.0	517.0	559.0	559.0	526.0	520.0	543.0	583.0	537.0	557.0	578.0	518.0	512.0	534.0	527.0	467.0	487.0	9454.0	10248.0	11375.0	11494.0	13510.0	15824.0	17251.0	31085735.0
PDAC217T_F8-9kf1_rev	472.0	454.0	576.0	481.0	523.0	413.0	359.0	326.0	411.0	404.0	415.0	459.0	517.0	559.0	559.0	526.0	520.0	543.0	583.0	537.0	557.0	578.0	518.0	512.0	534.0	527.0	467.0	487.0	9454.0	10248.0	11375.0	11494.0	13510.0	15824.0	17251.0	31085735.0
PDAC217Tkf1_fwd	716.0	716.0	715.0	625.0	745.0	680.0	657.0	620.0	662.0	705.0	681.0	712.0	816.0	859.0	845.0	842.0	845.0	910.0	893.0	934.0	862.0	865.0	832.0	811.0	831.0	799.0	699.0	791.0	9492.0	10382.0	11479.0	11814.0	14060.0	16016.0	17768.0	68301443.0
PDAC217Tkf1_rev	716.0	716.0	715.0	625.0	745.0	680.0	657.0	620.0	662.0	705.0	681.0	712.0	816.0	859.0	845.0	842.0	845.0	910.0	893.0	934.0	862.0	865.0	832.0	811.0	831.0	799.0	699.0	791.0	9492.0	10382.0	11479.0	11814.0	14060.0	16016.0	17768.0	68301443.0
PDAC218T_F8-9kf1_fwd	327.0	357.0	346.0	316.0	312.0	318.0	367.0	341.0	382.0	368.0	336.0	400.0	405.0	450.0	428.0	431.0	458.0	433.0	420.0	452.0	463.0	435.0	445.0	490.0	432.0	428.0	413.0	442.0	8263.0	9026.0	9912.0	10521.0	12785.0	14339.0	16395.0	43268923.0
PDAC218T_F8-9kf1_rev	327.0	357.0	346.0	316.0	312.0	318.0	367.0	341.0	382.0	368.0	336.0	400.0	405.0	450.0	428.0	431.0	458.0	433.0	420.0	452.0	463.0	435.0	445.0	490.0	432.0	428.0	413.0	442.0	8263.0	9026.0	9912.0	10521.0	12785.0	14339.0	16395.0	43268923.0
PDAC218Tkf1_fwd	530.0	532.0	536.0	483.0	542.0	462.0	458.0	388.0	513.0	491.0	487.0	495.0	517.0	523.0	578.0	605.0	584.0	585.0	636.0	600.0	623.0	607.0	664.0	592.0	635.0	597.0	587.0	612.0	10143.0	11085.0	12454.0	13174.0	15636.0	18230.0	20252.0	76738150.0
PDAC218Tkf1_rev	530.0	532.0	536.0	483.0	542.0	462.0	458.0	388.0	513.0	491.0	487.0	495.0	517.0	523.0	578.0	605.0	584.0	585.0	636.0	600.0	623.0	607.0	664.0	592.0	635.0	597.0	587.0	612.0	10143.0	11085.0	12454.0	13174.0	15636.0	18230.0	20252.0	76738150.0
PDAC219T_F8-9kf1_fwd	321.0	289.0	242.0	281.0	277.0	269.0	246.0	293.0	357.0	308.0	412.0	396.0	363.0	421.0	414.0	437.0	426.0	505.0	511.0	453.0	470.0	451.0	458.0	394.0	381.0	369.0	462.0	423.0	5897.0	6349.0	7196.0	7028.0	8628.0	9649.0	10546.0	25897639.0
PDAC219T_F8-9kf1_rev	321.0	289.0	242.0	281.0	277.0	269.0	246.0	293.0	357.0	308.0	412.0	396.0	363.0	421.0	414.0	437.0	426.0	505.0	511.0	453.0	470.0	451.0	458.0	394.0	381.0	369.0	462.0	423.0	5897.0	6349.0	7196.0	7028.0	8628.0	9649.0	10546.0	25897639.0
PDAC219Tkf1_fwd	865.0	862.0	868.0	766.0	831.0	786.0	837.0	814.0	922.0	889.0	930.0	973.0	1083.0	1009.0	1065.0	1182.0	1143.0	1156.0	1176.0	1206.0	1141.0	1157.0	1075.0	1072.0	1156.0	966.0	1079.0	1054.0	16691.0	18049.0	20300.0	21378.0	25295.0	29093.0	32465.0	99922180.0
PDAC219Tkf1_rev	865.0	862.0	868.0	766.0	831.0	786.0	837.0	814.0	922.0	889.0	930.0	973.0	1083.0	1009.0	1065.0	1182.0	1143.0	1156.0	1176.0	1206.0	1141.0	1157.0	1075.0	1072.0	1156.0	966.0	1079.0	1054.0	16691.0	18049.0	20300.0	21378.0	25295.0	29093.0	32465.0	99922180.0
PDAC220T_F8-9kf1_fwd	465.0	526.0	416.0	423.0	472.0	356.0	400.0	351.0	416.0	451.0	483.0	524.0	601.0	641.0	672.0	692.0	600.0	709.0	790.0	707.0	662.0	598.0	565.0	543.0	469.0	581.0	582.0	509.0	10478.0	11553.0	12442.0	12460.0	14750.0	16770.0	17729.0	31784090.0
PDAC220T_F8-9kf1_rev	465.0	526.0	416.0	423.0	472.0	356.0	400.0	351.0	416.0	451.0	483.0	524.0	601.0	641.0	672.0	692.0	600.0	709.0	790.0	707.0	662.0	598.0	565.0	543.0	469.0	581.0	582.0	509.0	10478.0	11553.0	12442.0	12460.0	14750.0	16770.0	17729.0	31784090.0
PDAC220Tkf1_fwd	808.0	848.0	793.0	799.0	779.0	679.0	733.0	735.0	851.0	853.0	885.0	871.0	886.0	940.0	905.0	1037.0	1045.0	1024.0	1174.0	968.0	1048.0	937.0	977.0	956.0	956.0	907.0	963.0	887.0	9092.0	10040.0	11067.0	11484.0	13849.0	16178.0	17751.0	93483443.0
PDAC220Tkf1_rev	808.0	848.0	793.0	799.0	779.0	679.0	733.0	735.0	851.0	853.0	885.0	871.0	886.0	940.0	905.0	1037.0	1045.0	1024.0	1174.0	968.0	1048.0	937.0	977.0	956.0	956.0	907.0	963.0	887.0	9092.0	10040.0	11067.0	11484.0	13849.0	16178.0	17751.0	93483443.0
PDAC221T_F8-9kf1_fwd	185.0	178.0	143.0	169.0	175.0	163.0	181.0	183.0	209.0	186.0	210.0	202.0	271.0	297.0	295.0	318.0	284.0	266.0	312.0	373.0	301.0	283.0	316.0	274.0	309.0	312.0	301.0	279.0	6629.0	7381.0	8273.0	8315.0	9966.0	11383.0	12806.0	25704904.0
PDAC221T_F8-9kf1_rev	185.0	178.0	143.0	169.0	175.0	163.0	181.0	183.0	209.0	186.0	210.0	202.0	271.0	297.0	295.0	318.0	284.0	266.0	312.0	373.0	301.0	283.0	316.0	274.0	309.0	312.0	301.0	279.0	6629.0	7381.0	8273.0	8315.0	9966.0	11383.0	12806.0	25704904.0
PDAC221Tkf1_fwd	755.0	755.0	724.0	698.0	729.0	732.0	719.0	715.0	758.0	813.0	859.0	828.0	866.0	845.0	862.0	903.0	942.0	920.0	1091.0	956.0	946.0	873.0	849.0	877.0	891.0	868.0	924.0	923.0	9504.0	10262.0	11181.0	11890.0	13497.0	16002.0	17460.0	82377777.0
PDAC221Tkf1_rev	755.0	755.0	724.0	698.0	729.0	732.0	719.0	715.0	758.0	813.0	859.0	828.0	866.0	845.0	862.0	903.0	942.0	920.0	1091.0	956.0	946.0	873.0	849.0	877.0	891.0	868.0	924.0	923.0	9504.0	10262.0	11181.0	11890.0	13497.0	16002.0	17460.0	82377777.0
PDAC222T_F8-9kf1_fwd	312.0	319.0	321.0	422.0	342.0	332.0	337.0	373.0	434.0	374.0	426.0	431.0	447.0	464.0	465.0	498.0	486.0	558.0	508.0	503.0	526.0	484.0	525.0	516.0	507.0	538.0	517.0	509.0	9553.0	10349.0	11942.0	11897.0	14311.0	16692.0	18481.0	35858149.0
PDAC222T_F8-9kf1_rev	312.0	319.0	321.0	422.0	342.0	332.0	337.0	373.0	434.0	374.0	426.0	431.0	447.0	464.0	465.0	498.0	486.0	558.0	508.0	503.0	526.0	484.0	525.0	516.0	507.0	538.0	517.0	509.0	9553.0	10349.0	11942.0	11897.0	14311.0	16692.0	18481.0	35858149.0
PDAC222Tkf1_fwd	829.0	751.0	779.0	854.0	817.0	714.0	819.0	715.0	876.0	890.0	892.0	1004.0	867.0	961.0	1062.0	1119.0	1101.0	1096.0	1159.0	1114.0	1180.0	1158.0	1172.0	1162.0	1138.0	1138.0	1162.0	1053.0	14177.0	16055.0	17777.0	18365.0	22211.0	25167.0	28566.0	91140806.0
PDAC222Tkf1_rev	829.0	751.0	779.0	854.0	817.0	714.0	819.0	715.0	876.0	890.0	892.0	1004.0	867.0	961.0	1062.0	1119.0	1101.0	1096.0	1159.0	1114.0	1180.0	1158.0	1172.0	1162.0	1138.0	1138.0	1162.0	1053.0	14177.0	16055.0	17777.0	18365.0	22211.0	25167.0	28566.0	91140806.0
PDAC223T_F8-9kf1_fwd	160.0	160.0	159.0	143.0	165.0	169.0	162.0	175.0	199.0	169.0	190.0	193.0	221.0	258.0	241.0	252.0	258.0	282.0	273.0	249.0	289.0	279.0	265.0	265.0	271.0	269.0	288.0	246.0	7628.0	8326.0	9355.0	9748.0	11653.0	13314.0	15164.0	23189584.0
PDAC223T_F8-9kf1_rev	160.0	160.0	159.0	143.0	165.0	169.0	162.0	175.0	199.0	169.0	190.0	193.0	221.0	258.0	241.0	252.0	258.0	282.0	273.0	249.0	289.0	279.0	265.0	265.0	271.0	269.0	288.0	246.0	7628.0	8326.0	9355.0	9748.0	11653.0	13314.0	15164.0	23189584.0
PDAC223Tkf1_fwd	615.0	612.0	662.0	603.0	696.0	608.0	587.0	542.0	616.0	639.0	619.0	642.0	683.0	721.0	834.0	783.0	822.0	842.0	840.0	799.0	822.0	816.0	824.0	783.0	809.0	776.0	670.0	765.0	13657.0	15094.0	16751.0	17844.0	21365.0	24290.0	27459.0	80042661.0
PDAC223Tkf1_rev	615.0	612.0	662.0	603.0	696.0	608.0	587.0	542.0	616.0	639.0	619.0	642.0	683.0	721.0	834.0	783.0	822.0	842.0	840.0	799.0	822.0	816.0	824.0	783.0	809.0	776.0	670.0	765.0	13657.0	15094.0	16751.0	17844.0	21365.0	24290.0	27459.0	80042661.0
PDAC224T_F8-9kf1_fwd	483.0	485.0	516.0	460.0	500.0	516.0	528.0	453.0	539.0	518.0	499.0	538.0	514.0	574.0	595.0	639.0	613.0	613.0	637.0	591.0	603.0	575.0	602.0	602.0	566.0	579.0	552.0	584.0	8078.0	8665.0	9841.0	10346.0	12004.0	13855.0	15996.0	54339754.0
PDAC224T_F8-9kf1_rev	483.0	485.0	516.0	460.0	500.0	516.0	528.0	453.0	539.0	518.0	499.0	538.0	514.0	574.0	595.0	639.0	613.0	613.0	637.0	591.0	603.0	575.0	602.0	602.0	566.0	579.0	552.0	584.0	8078.0	8665.0	9841.0	10346.0	12004.0	13855.0	15996.0	54339754.0
PDAC224Tkf1_fwd	759.0	734.0	674.0	653.0	658.0	640.0	645.0	605.0	703.0	686.0	713.0	747.0	714.0	772.0	764.0	828.0	792.0	851.0	835.0	830.0	840.0	791.0	800.0	738.0	647.0	755.0	761.0	758.0	7298.0	8065.0	8921.0	9145.0	10986.0	12552.0	13740.0	78274007.0
PDAC224Tkf1_rev	759.0	734.0	674.0	653.0	658.0	640.0	645.0	605.0	703.0	686.0	713.0	747.0	714.0	772.0	764.0	828.0	792.0	851.0	835.0	830.0	840.0	791.0	800.0	738.0	647.0	755.0	761.0	758.0	7298.0	8065.0	8921.0	9145.0	10986.0	12552.0	13740.0	78274007.0
PDAC225T_F8-9kf1_fwd	582.0	566.0	507.0	587.0	534.0	574.0	522.0	555.0	612.0	630.0	691.0	681.0	653.0	634.0	670.0	776.0	688.0	806.0	872.0	837.0	765.0	721.0	734.0	740.0	675.0	693.0	738.0	605.0	9427.0	10268.0	11209.0	11794.0	14087.0	15702.0	17615.0	43400259.0
PDAC225T_F8-9kf1_rev	582.0	566.0	507.0	587.0	534.0	574.0	522.0	555.0	612.0	630.0	691.0	681.0	653.0	634.0	670.0	776.0	688.0	806.0	872.0	837.0	765.0	721.0	734.0	740.0	675.0	693.0	738.0	605.0	9427.0	10268.0	11209.0	11794.0	14087.0	15702.0	17615.0	43400259.0
PDAC225Tkf1_fwd	934.0	1002.0	921.0	846.0	906.0	857.0	883.0	872.0	951.0	941.0	963.0	976.0	991.0	1025.0	1005.0	1042.0	932.0	1135.0	1308.0	1008.0	1082.0	1010.0	1078.0	992.0	966.0	919.0	1033.0	1028.0	7559.0	7998.0	8935.0	9322.0	11070.0	12490.0	14017.0	89796456.0
PDAC225Tkf1_rev	934.0	1002.0	921.0	846.0	906.0	857.0	883.0	872.0	951.0	941.0	963.0	976.0	991.0	1025.0	1005.0	1042.0	932.0	1135.0	1308.0	1008.0	1082.0	1010.0	1078.0	992.0	966.0	919.0	1033.0	1028.0	7559.0	7998.0	8935.0	9322.0	11070.0	12490.0	14017.0	89796456.0
PDAC226T_F8-9kf1_fwd	548.0	587.0	538.0	507.0	492.0	473.0	540.0	477.0	481.0	586.0	681.0	717.0	618.0	614.0	641.0	648.0	729.0	858.0	979.0	841.0	785.0	730.0	787.0	717.0	635.0	592.0	659.0	748.0	9016.0	9591.0	10549.0	10578.0	12306.0	13835.0	15198.0	33410012.0
PDAC226T_F8-9kf1_rev	548.0	587.0	538.0	507.0	492.0	473.0	540.0	477.0	481.0	586.0	681.0	717.0	618.0	614.0	641.0	648.0	729.0	858.0	979.0	841.0	785.0	730.0	787.0	717.0	635.0	592.0	659.0	748.0	9016.0	9591.0	10549.0	10578.0	12306.0	13835.0	15198.0	33410012.0
PDAC226Tkf1_fwd	869.0	865.0	862.0	929.0	914.0	839.0	780.0	849.0	988.0	1064.0	977.0	1077.0	1117.0	1129.0	1084.0	1160.0	1126.0	1164.0	1247.0	1252.0	1180.0	1087.0	1196.0	1193.0	1146.0	1152.0	1109.0	1069.0	18121.0	19844.0	22007.0	23148.0	27562.0	31673.0	34724.0	104539188.0
PDAC226Tkf1_rev	869.0	865.0	862.0	929.0	914.0	839.0	780.0	849.0	988.0	1064.0	977.0	1077.0	1117.0	1129.0	1084.0	1160.0	1126.0	1164.0	1247.0	1252.0	1180.0	1087.0	1196.0	1193.0	1146.0	1152.0	1109.0	1069.0	18121.0	19844.0	22007.0	23148.0	27562.0	31673.0	34724.0	104539188.0
PDAC227T_F8-9kf1_fwd	386.0	385.0	365.0	333.0	356.0	312.0	349.0	369.0	380.0	432.0	425.0	484.0	459.0	459.0	418.0	492.0	561.0	506.0	567.0	488.0	449.0	532.0	486.0	477.0	510.0	489.0	486.0	490.0	8450.0	9183.0	10244.0	10714.0	12785.0	14508.0	16655.0	42081984.0
PDAC227T_F8-9kf1_rev	386.0	385.0	365.0	333.0	356.0	312.0	349.0	369.0	380.0	432.0	425.0	484.0	459.0	459.0	418.0	492.0	561.0	506.0	567.0	488.0	449.0	532.0	486.0	477.0	510.0	489.0	486.0	490.0	8450.0	9183.0	10244.0	10714.0	12785.0	14508.0	16655.0	42081984.0
PDAC227Tkf1_fwd	446.0	398.0	391.0	407.0	393.0	367.0	390.0	390.0	435.0	484.0	434.0	511.0	500.0	537.0	536.0	543.0	535.0	553.0	600.0	592.0	532.0	533.0	578.0	545.0	486.0	503.0	533.0	491.0	6904.0	7221.0	8413.0	8826.0	10384.0	11695.0	13141.0	44394835.0
PDAC227Tkf1_rev	446.0	398.0	391.0	407.0	393.0	367.0	390.0	390.0	435.0	484.0	434.0	511.0	500.0	537.0	536.0	543.0	535.0	553.0	600.0	592.0	532.0	533.0	578.0	545.0	486.0	503.0	533.0	491.0	6904.0	7221.0	8413.0	8826.0	10384.0	11695.0	13141.0	44394835.0
