Sample	40	41	42	43	44	45	46	47	48	49	50	51	52	53	54	55	56	57	58	59	60	61	62	63	64	65	66	67	68	69	70	71	72	73	74	75
PDAC200T_F8-9kf1_R1	322.0	321.0	315.0	316.0	317.0	299.0	289.0	288.0	458.0	421.0	424.0	531.0	551.0	531.0	666.0	707.0	695.0	850.0	876.0	809.0	796.0	776.0	781.0	832.0	909.0	1288.0	1171.0	1313.0	27568.0	37179.0	35839.0	43690.0	47317.0	66854.0	70921.0	61322745.0
PDAC200T_F8-9kf1_R2	322.0	321.0	315.0	316.0	317.0	299.0	289.0	288.0	458.0	421.0	424.0	531.0	551.0	531.0	666.0	707.0	695.0	850.0	876.0	809.0	796.0	776.0	781.0	832.0	909.0	1288.0	1171.0	1313.0	27568.0	37179.0	35839.0	43690.0	47317.0	66854.0	70921.0	61322745.0
PDAC200Tkf1_R1	587.0	575.0	581.0	555.0	563.0	512.0	529.0	504.0	690.0	619.0	620.0	668.0	710.0	778.0	750.0	835.0	825.0	807.0	821.0	834.0	889.0	856.0	905.0	857.0	933.0	933.0	931.0	979.0	12744.0	14485.0	16235.0	17705.0	20839.0	24712.0	27911.0	82370308.0
PDAC200Tkf1_R2	587.0	575.0	581.0	555.0	563.0	512.0	529.0	504.0	690.0	619.0	620.0	668.0	710.0	778.0	750.0	835.0	825.0	807.0	821.0	834.0	889.0	856.0	905.0	857.0	933.0	933.0	931.0	979.0	12744.0	14485.0	16235.0	17705.0	20839.0	24712.0	27911.0	82370308.0
PDAC201T_F8-9kf1_R1	707.0	667.0	623.0	641.0	639.0	635.0	582.0	630.0	724.0	762.0	805.0	792.0	889.0	992.0	968.0	1009.0	1036.0	1024.0	1020.0	1028.0	1017.0	925.0	1022.0	924.0	959.0	897.0	937.0	975.0	24940.0	28982.0	31185.0	35047.0	43062.0	50509.0	54480.0	70805824.0
PDAC201T_F8-9kf1_R2	707.0	667.0	623.0	641.0	639.0	635.0	582.0	630.0	724.0	762.0	805.0	792.0	889.0	992.0	968.0	1009.0	1036.0	1024.0	1020.0	1028.0	1017.0	925.0	1022.0	924.0	959.0	897.0	937.0	975.0	24940.0	28982.0	31185.0	35047.0	43062.0	50509.0	54480.0	70805824.0
PDAC201Tkf1_R1	1061.0	1116.0	1000.0	1047.0	1050.0	993.0	1083.0	977.0	1263.0	1185.0	1207.0	1408.0	1402.0	1481.0	1447.0	1521.0	1516.0	1508.0	1578.0	1616.0	1668.0	1527.0	1565.0	1647.0	1543.0	1571.0	1584.0	1574.0	27506.0	30457.0	34295.0	35928.0	43976.0	49630.0	55813.0	142826581.0
PDAC201Tkf1_R2	1061.0	1116.0	1000.0	1047.0	1050.0	993.0	1083.0	977.0	1263.0	1185.0	1207.0	1408.0	1402.0	1481.0	1447.0	1521.0	1516.0	1508.0	1578.0	1616.0	1668.0	1527.0	1565.0	1647.0	1543.0	1571.0	1584.0	1574.0	27506.0	30457.0	34295.0	35928.0	43976.0	49630.0	55813.0	142826581.0
PDAC202T_F8-9kf1_R1	407.0	360.0	370.0	370.0	368.0	386.0	326.0	374.0	433.0	371.0	405.0	429.0	443.0	496.0	519.0	530.0	525.0	542.0	492.0	536.0	528.0	532.0	545.0	559.0	542.0	550.0	548.0	525.0	7105.0	7905.0	8975.0	9401.0	11315.0	13103.0	14772.0	47313028.0
PDAC202T_F8-9kf1_R2	407.0	360.0	370.0	370.0	368.0	386.0	326.0	374.0	433.0	371.0	405.0	429.0	443.0	496.0	519.0	530.0	525.0	542.0	492.0	536.0	528.0	532.0	545.0	559.0	542.0	550.0	548.0	525.0	7105.0	7905.0	8975.0	9401.0	11315.0	13103.0	14772.0	47313028.0
PDAC202Tkf1_R1	656.0	668.0	655.0	595.0	641.0	690.0	609.0	591.0	782.0	780.0	688.0	764.0	851.0	862.0	864.0	939.0	905.0	969.0	962.0	929.0	932.0	908.0	974.0	1012.0	1043.0	989.0	974.0	1047.0	13414.0	14864.0	16706.0	18081.0	21154.0	24491.0	27863.0	110053384.0
PDAC202Tkf1_R2	656.0	668.0	655.0	595.0	641.0	690.0	609.0	591.0	782.0	780.0	688.0	764.0	851.0	862.0	864.0	939.0	905.0	969.0	962.0	929.0	932.0	908.0	974.0	1012.0	1043.0	989.0	974.0	1047.0	13414.0	14864.0	16706.0	18081.0	21154.0	24491.0	27863.0	110053384.0
PDAC203T_F8-9kf1_R1	545.0	511.0	595.0	555.0	586.0	553.0	511.0	552.0	625.0	576.0	701.0	709.0	931.0	891.0	1048.0	1009.0	1004.0	1089.0	1107.0	996.0	1084.0	1019.0	1058.0	1004.0	1085.0	1043.0	956.0	953.0	35731.0	42269.0	45053.0	51703.0	61458.0	75061.0	77946.0	92345267.0
PDAC203T_F8-9kf1_R2	545.0	511.0	595.0	555.0	586.0	553.0	511.0	552.0	625.0	576.0	701.0	709.0	931.0	891.0	1048.0	1009.0	1004.0	1089.0	1107.0	996.0	1084.0	1019.0	1058.0	1004.0	1085.0	1043.0	956.0	953.0	35731.0	42269.0	45053.0	51703.0	61458.0	75061.0	77946.0	92345267.0
PDAC203Tkf1_R1	580.0	581.0	544.0	558.0	611.0	632.0	596.0	603.0	706.0	810.0	777.0	845.0	997.0	997.0	1020.0	1138.0	1124.0	1289.0	1290.0	1333.0	1341.0	1250.0	1307.0	1368.0	1261.0	1283.0	1124.0	1140.0	32674.0	37172.0	39823.0	39850.0	46122.0	52279.0	57465.0	83127651.0
PDAC203Tkf1_R2	580.0	581.0	544.0	558.0	611.0	632.0	596.0	603.0	706.0	810.0	777.0	845.0	997.0	997.0	1020.0	1138.0	1124.0	1289.0	1290.0	1333.0	1341.0	1250.0	1307.0	1368.0	1261.0	1283.0	1124.0	1140.0	32674.0	37172.0	39823.0	39850.0	46122.0	52279.0	57465.0	83127651.0
PDAC204T_F8-9kf1_R1	411.0	438.0	422.0	435.0	409.0	381.0	383.0	345.0	494.0	519.0	577.0	609.0	654.0	626.0	753.0	718.0	807.0	869.0	966.0	863.0	784.0	899.0	778.0	859.0	784.0	1000.0	986.0	994.0	23620.0	30605.0	30530.0	36531.0	38518.0	53771.0	57633.0	50850926.0
PDAC204T_F8-9kf1_R2	411.0	438.0	422.0	435.0	409.0	381.0	383.0	345.0	494.0	519.0	577.0	609.0	654.0	626.0	753.0	718.0	807.0	869.0	966.0	863.0	784.0	899.0	778.0	859.0	784.0	1000.0	986.0	994.0	23620.0	30605.0	30530.0	36531.0	38518.0	53771.0	57633.0	50850926.0
PDAC204Tkf1_R1	643.0	689.0	662.0	627.0	617.0	682.0	630.0	566.0	738.0	718.0	733.0	772.0	748.0	905.0	953.0	1014.0	922.0	993.0	1040.0	969.0	1008.0	980.0	1047.0	997.0	1027.0	1042.0	1042.0	1076.0	14682.0	16426.0	18396.0	19575.0	22847.0	27435.0	30868.0	96863286.0
PDAC204Tkf1_R2	643.0	689.0	662.0	627.0	617.0	682.0	630.0	566.0	738.0	718.0	733.0	772.0	748.0	905.0	953.0	1014.0	922.0	993.0	1040.0	969.0	1008.0	980.0	1047.0	997.0	1027.0	1042.0	1042.0	1076.0	14682.0	16426.0	18396.0	19575.0	22847.0	27435.0	30868.0	96863286.0
PDAC205T_F8-9kf1_R1	523.0	532.0	536.0	480.0	491.0	471.0	521.0	530.0	560.0	574.0	614.0	682.0	667.0	833.0	785.0	775.0	785.0	956.0	846.0	866.0	878.0	821.0	839.0	864.0	809.0	841.0	789.0	837.0	22900.0	25646.0	28742.0	31209.0	37346.0	42543.0	46552.0	63840860.0
PDAC205T_F8-9kf1_R2	523.0	532.0	536.0	480.0	491.0	471.0	521.0	530.0	560.0	574.0	614.0	682.0	667.0	833.0	785.0	775.0	785.0	956.0	846.0	866.0	878.0	821.0	839.0	864.0	809.0	841.0	789.0	837.0	22900.0	25646.0	28742.0	31209.0	37346.0	42543.0	46552.0	63840860.0
PDAC205Tkf1_R1	704.0	703.0	664.0	666.0	637.0	657.0	674.0	632.0	730.0	811.0	758.0	881.0	908.0	1009.0	951.0	1053.0	1114.0	1180.0	1248.0	1196.0	1139.0	1164.0	1127.0	1259.0	1125.0	1085.0	1128.0	1090.0	21990.0	24769.0	27539.0	29418.0	35345.0	40393.0	43675.0	86452068.0
PDAC205Tkf1_R2	704.0	703.0	664.0	666.0	637.0	657.0	674.0	632.0	730.0	811.0	758.0	881.0	908.0	1009.0	951.0	1053.0	1114.0	1180.0	1248.0	1196.0	1139.0	1164.0	1127.0	1259.0	1125.0	1085.0	1128.0	1090.0	21990.0	24769.0	27539.0	29418.0	35345.0	40393.0	43675.0	86452068.0
PDAC206T_F8-9kf1_R1	510.0	507.0	512.0	562.0	550.0	524.0	569.0	507.0	583.0	622.0	638.0	732.0	664.0	698.0	743.0	755.0	705.0	803.0	882.0	787.0	803.0	770.0	766.0	866.0	739.0	824.0	832.0	821.0	16219.0	17609.0	19926.0	20904.0	25398.0	28598.0	31614.0	41789722.0
PDAC206T_F8-9kf1_R2	510.0	507.0	512.0	562.0	550.0	524.0	569.0	507.0	583.0	622.0	638.0	732.0	664.0	698.0	743.0	755.0	705.0	803.0	882.0	787.0	803.0	770.0	766.0	866.0	739.0	824.0	832.0	821.0	16219.0	17609.0	19926.0	20904.0	25398.0	28598.0	31614.0	41789722.0
PDAC206Tkf1_R1	2061.0	2213.0	1921.0	2018.0	2033.0	2183.0	2276.0	2304.0	2784.0	2931.0	2926.0	2992.0	3190.0	3569.0	3778.0	4009.0	4026.0	4411.0	4739.0	4851.0	4371.0	4041.0	4059.0	3940.0	3938.0	3883.0	3951.0	3610.0	120458.0	135976.0	143675.0	136455.0	157169.0	172632.0	189282.0	171669011.0
PDAC206Tkf1_R2	2061.0	2213.0	1921.0	2018.0	2033.0	2183.0	2276.0	2304.0	2784.0	2931.0	2926.0	2992.0	3190.0	3569.0	3778.0	4009.0	4026.0	4411.0	4739.0	4851.0	4371.0	4041.0	4059.0	3940.0	3938.0	3883.0	3951.0	3610.0	120458.0	135976.0	143675.0	136455.0	157169.0	172632.0	189282.0	171669011.0
PDAC207T_F8-9kf1_R1	1325.0	1390.0	1199.0	1279.0	1237.0	1110.0	1281.0	1289.0	1707.0	1703.0	1718.0	1686.0	1713.0	1831.0	1985.0	2124.0	2224.0	2562.0	2994.0	2666.0	2396.0	2313.0	2205.0	2117.0	1860.0	2057.0	2125.0	1968.0	64436.0	76526.0	78359.0	79554.0	87879.0	102059.0	105421.0	87496298.0
PDAC207T_F8-9kf1_R2	1325.0	1390.0	1199.0	1279.0	1237.0	1110.0	1281.0	1289.0	1707.0	1703.0	1718.0	1686.0	1713.0	1831.0	1985.0	2124.0	2224.0	2562.0	2994.0	2666.0	2396.0	2313.0	2205.0	2117.0	1860.0	2057.0	2125.0	1968.0	64436.0	76526.0	78359.0	79554.0	87879.0	102059.0	105421.0	87496298.0
PDAC207Tkf1_R1	762.0	804.0	752.0	758.0	681.0	745.0	777.0	768.0	989.0	964.0	945.0	932.0	1165.0	1146.0	1236.0	1321.0	1373.0	1445.0	1574.0	1613.0	1563.0	1389.0	1494.0	1474.0	1430.0	1450.0	1327.0	1291.0	42137.0	47570.0	50932.0	50537.0	58699.0	66409.0	73213.0	84564227.0
PDAC207Tkf1_R2	762.0	804.0	752.0	758.0	681.0	745.0	777.0	768.0	989.0	964.0	945.0	932.0	1165.0	1146.0	1236.0	1321.0	1373.0	1445.0	1574.0	1613.0	1563.0	1389.0	1494.0	1474.0	1430.0	1450.0	1327.0	1291.0	42137.0	47570.0	50932.0	50537.0	58699.0	66409.0	73213.0	84564227.0
PDAC208T_F8-9kf1_R1	411.0	432.0	413.0	433.0	463.0	456.0	509.0	452.0	536.0	570.0	619.0	712.0	932.0	871.0	1005.0	1039.0	943.0	1104.0	1078.0	1085.0	1058.0	976.0	1003.0	1109.0	969.0	1071.0	983.0	1028.0	33027.0	37327.0	41502.0	46396.0	55984.0	66007.0	69697.0	58332387.0
PDAC208T_F8-9kf1_R2	411.0	432.0	413.0	433.0	463.0	456.0	509.0	452.0	536.0	570.0	619.0	712.0	932.0	871.0	1005.0	1039.0	943.0	1104.0	1078.0	1085.0	1058.0	976.0	1003.0	1109.0	969.0	1071.0	983.0	1028.0	33027.0	37327.0	41502.0	46396.0	55984.0	66007.0	69697.0	58332387.0
PDAC208Tkf1_R1	739.0	804.0	695.0	663.0	750.0	751.0	699.0	792.0	1105.0	1051.0	1098.0	1108.0	1297.0	1302.0	1502.0	1545.0	1616.0	1595.0	1846.0	1919.0	1678.0	1569.0	1508.0	1459.0	1451.0	1470.0	1477.0	1342.0	56092.0	65621.0	68031.0	65051.0	73615.0	81525.0	89166.0	101186450.0
PDAC208Tkf1_R2	739.0	804.0	695.0	663.0	750.0	751.0	699.0	792.0	1105.0	1051.0	1098.0	1108.0	1297.0	1302.0	1502.0	1545.0	1616.0	1595.0	1846.0	1919.0	1678.0	1569.0	1508.0	1459.0	1451.0	1470.0	1477.0	1342.0	56092.0	65621.0	68031.0	65051.0	73615.0	81525.0	89166.0	101186450.0
PDAC209T_F8-9kf1_R1	281.0	264.0	258.0	262.0	284.0	264.0	275.0	268.0	294.0	304.0	293.0	353.0	423.0	423.0	491.0	492.0	488.0	488.0	558.0	533.0	488.0	513.0	509.0	574.0	594.0	588.0	539.0	600.0	13509.0	15224.0	16818.0	18006.0	20963.0	24788.0	27154.0	38657523.0
PDAC209T_F8-9kf1_R2	281.0	264.0	258.0	262.0	284.0	264.0	275.0	268.0	294.0	304.0	293.0	353.0	423.0	423.0	491.0	492.0	488.0	488.0	558.0	533.0	488.0	513.0	509.0	574.0	594.0	588.0	539.0	600.0	13509.0	15224.0	16818.0	18006.0	20963.0	24788.0	27154.0	38657523.0
PDAC209Tkf1_R1	683.0	654.0	594.0	655.0	647.0	672.0	639.0	619.0	851.0	788.0	898.0	869.0	976.0	956.0	1048.0	1117.0	1169.0	1242.0	1235.0	1211.0	1261.0	1219.0	1326.0	1277.0	1258.0	1260.0	1258.0	1167.0	31918.0	34970.0	39047.0	41327.0	48854.0	56419.0	62968.0	87951839.0
PDAC209Tkf1_R2	683.0	654.0	594.0	655.0	647.0	672.0	639.0	619.0	851.0	788.0	898.0	869.0	976.0	956.0	1048.0	1117.0	1169.0	1242.0	1235.0	1211.0	1261.0	1219.0	1326.0	1277.0	1258.0	1260.0	1258.0	1167.0	31918.0	34970.0	39047.0	41327.0	48854.0	56419.0	62968.0	87951839.0
PDAC210T_F8-9kf1_R1	398.0	461.0	404.0	435.0	517.0	481.0	457.0	488.0	494.0	582.0	560.0	568.0	662.0	699.0	710.0	713.0	694.0	765.0	740.0	699.0	710.0	674.0	654.0	683.0	630.0	613.0	624.0	700.0	14179.0	16538.0	17439.0	19059.0	23029.0	27329.0	29345.0	49552679.0
PDAC210T_F8-9kf1_R2	398.0	461.0	404.0	435.0	517.0	481.0	457.0	488.0	494.0	582.0	560.0	568.0	662.0	699.0	710.0	713.0	694.0	765.0	740.0	699.0	710.0	674.0	654.0	683.0	630.0	613.0	624.0	700.0	14179.0	16538.0	17439.0	19059.0	23029.0	27329.0	29345.0	49552679.0
PDAC210Tkf1_R1	623.0	606.0	591.0	568.0	586.0	529.0	573.0	539.0	660.0	673.0	662.0	744.0	769.0	724.0	711.0	827.0	846.0	863.0	797.0	847.0	788.0	800.0	824.0	788.0	762.0	793.0	820.0	814.0	10275.0	11725.0	12967.0	13895.0	16646.0	18674.0	20991.0	74196537.0
PDAC210Tkf1_R2	623.0	606.0	591.0	568.0	586.0	529.0	573.0	539.0	660.0	673.0	662.0	744.0	769.0	724.0	711.0	827.0	846.0	863.0	797.0	847.0	788.0	800.0	824.0	788.0	762.0	793.0	820.0	814.0	10275.0	11725.0	12967.0	13895.0	16646.0	18674.0	20991.0	74196537.0
PDAC211T_F8-9kf1_R1	444.0	410.0	410.0	470.0	425.0	440.0	424.0	447.0	443.0	528.0	583.0	557.0	590.0	674.0	751.0	779.0	742.0	869.0	939.0	867.0	838.0	780.0	776.0	787.0	897.0	945.0	891.0	955.0	30145.0	36640.0	38073.0	43337.0	47927.0	61918.0	66360.0	51888640.0
PDAC211T_F8-9kf1_R2	444.0	410.0	410.0	470.0	425.0	440.0	424.0	447.0	443.0	528.0	583.0	557.0	590.0	674.0	751.0	779.0	742.0	869.0	939.0	867.0	838.0	780.0	776.0	787.0	897.0	945.0	891.0	955.0	30145.0	36640.0	38073.0	43337.0	47927.0	61918.0	66360.0	51888640.0
PDAC211Tkf1_R1	1016.0	1046.0	999.0	1067.0	991.0	989.0	983.0	932.0	1116.0	1116.0	1187.0	1176.0	1164.0	1257.0	1450.0	1434.0	1390.0	1506.0	1667.0	1495.0	1524.0	1457.0	1503.0	1456.0	1447.0	1498.0	1602.0	1494.0	26737.0	30128.0	33283.0	35558.0	41243.0	49044.0	54684.0	112370692.0
PDAC211Tkf1_R2	1016.0	1046.0	999.0	1067.0	991.0	989.0	983.0	932.0	1116.0	1116.0	1187.0	1176.0	1164.0	1257.0	1450.0	1434.0	1390.0	1506.0	1667.0	1495.0	1524.0	1457.0	1503.0	1456.0	1447.0	1498.0	1602.0	1494.0	26737.0	30128.0	33283.0	35558.0	41243.0	49044.0	54684.0	112370692.0
PDAC212T_F8-9kf1_R1	589.0	613.0	557.0	572.0	559.0	584.0	555.0	551.0	627.0	598.0	617.0	689.0	753.0	853.0	817.0	859.0	950.0	962.0	938.0	909.0	846.0	900.0	956.0	975.0	888.0	915.0	820.0	892.0	21124.0	23420.0	26134.0	27955.0	34169.0	37277.0	41583.0	61752486.0
PDAC212T_F8-9kf1_R2	589.0	613.0	557.0	572.0	559.0	584.0	555.0	551.0	627.0	598.0	617.0	689.0	753.0	853.0	817.0	859.0	950.0	962.0	938.0	909.0	846.0	900.0	956.0	975.0	888.0	915.0	820.0	892.0	21124.0	23420.0	26134.0	27955.0	34169.0	37277.0	41583.0	61752486.0
PDAC213T_F8-9kf1_R1	327.0	368.0	417.0	345.0	379.0	387.0	360.0	350.0	437.0	407.0	460.0	574.0	668.0	688.0	732.0	837.0	849.0	834.0	882.0	896.0	872.0	842.0	946.0	935.0	919.0	869.0	791.0	813.0	32721.0	37993.0	42067.0	46469.0	56326.0	64845.0	69305.0	72485894.0
PDAC213T_F8-9kf1_R2	327.0	368.0	417.0	345.0	379.0	387.0	360.0	350.0	437.0	407.0	460.0	574.0	668.0	688.0	732.0	837.0	849.0	834.0	882.0	896.0	872.0	842.0	946.0	935.0	919.0	869.0	791.0	813.0	32721.0	37993.0	42067.0	46469.0	56326.0	64845.0	69305.0	72485894.0
PDAC213Tkf1_R1	786.0	795.0	810.0	704.0	778.0	721.0	787.0	752.0	845.0	849.0	878.0	943.0	1146.0	1203.0	1300.0	1386.0	1336.0	1330.0	1341.0	1356.0	1327.0	1412.0	1384.0	1437.0	1377.0	1421.0	1252.0	1335.0	33512.0	36283.0	40705.0	43699.0	51875.0	59075.0	64986.0	132524223.0
PDAC213Tkf1_R2	786.0	795.0	810.0	704.0	778.0	721.0	787.0	752.0	845.0	849.0	878.0	943.0	1146.0	1203.0	1300.0	1386.0	1336.0	1330.0	1341.0	1356.0	1327.0	1412.0	1384.0	1437.0	1377.0	1421.0	1252.0	1335.0	33512.0	36283.0	40705.0	43699.0	51875.0	59075.0	64986.0	132524223.0
PDAC214T_F8-9kf1_R1	553.0	641.0	630.0	552.0	603.0	618.0	622.0	601.0	687.0	735.0	771.0	855.0	995.0	1036.0	1193.0	1186.0	1197.0	1252.0	1245.0	1270.0	1196.0	1288.0	1322.0	1307.0	1131.0	1258.0	1120.0	1107.0	39209.0	42755.0	49353.0	53793.0	67810.0	75742.0	84585.0	74993641.0
PDAC214T_F8-9kf1_R2	553.0	641.0	630.0	552.0	603.0	618.0	622.0	601.0	687.0	735.0	771.0	855.0	995.0	1036.0	1193.0	1186.0	1197.0	1252.0	1245.0	1270.0	1196.0	1288.0	1322.0	1307.0	1131.0	1258.0	1120.0	1107.0	39209.0	42755.0	49353.0	53793.0	67810.0	75742.0	84585.0	74993641.0
PDAC214Tkf1_R1	724.0	689.0	713.0	698.0	739.0	770.0	724.0	666.0	781.0	736.0	845.0	896.0	947.0	973.0	1033.0	1121.0	1090.0	1195.0	1309.0	1191.0	1210.0	1176.0	1242.0	1187.0	1140.0	1059.0	1051.0	1108.0	25272.0	27299.0	30972.0	32734.0	39221.0	44387.0	49024.0	89067562.0
PDAC214Tkf1_R2	724.0	689.0	713.0	698.0	739.0	770.0	724.0	666.0	781.0	736.0	845.0	896.0	947.0	973.0	1033.0	1121.0	1090.0	1195.0	1309.0	1191.0	1210.0	1176.0	1242.0	1187.0	1140.0	1059.0	1051.0	1108.0	25272.0	27299.0	30972.0	32734.0	39221.0	44387.0	49024.0	89067562.0
PDAC215T_F8-9kf1_R1	501.0	520.0	498.0	468.0	491.0	443.0	454.0	486.0	587.0	625.0	623.0	725.0	852.0	972.0	1041.0	947.0	966.0	993.0	1120.0	1135.0	1026.0	923.0	1076.0	1011.0	1046.0	1123.0	1153.0	1139.0	37547.0	41472.0	47244.0	51516.0	62428.0	74852.0	74565.0	72000082.0
PDAC215T_F8-9kf1_R2	501.0	520.0	498.0	468.0	491.0	443.0	454.0	486.0	587.0	625.0	623.0	725.0	852.0	972.0	1041.0	947.0	966.0	993.0	1120.0	1135.0	1026.0	923.0	1076.0	1011.0	1046.0	1123.0	1153.0	1139.0	37547.0	41472.0	47244.0	51516.0	62428.0	74852.0	74565.0	72000082.0
PDAC215Tkf1_R1	1393.0	1486.0	1368.0	1393.0	1414.0	1456.0	1426.0	1460.0	1620.0	1787.0	1920.0	1801.0	1910.0	2024.0	2189.0	2158.0	2296.0	2461.0	2694.0	2392.0	2397.0	2406.0	2425.0	2220.0	2310.0	2387.0	2421.0	2313.0	51907.0	57707.0	64400.0	68923.0	82441.0	95246.0	103386.0	131960148.0
PDAC215Tkf1_R2	1393.0	1486.0	1368.0	1393.0	1414.0	1456.0	1426.0	1460.0	1620.0	1787.0	1920.0	1801.0	1910.0	2024.0	2189.0	2158.0	2296.0	2461.0	2694.0	2392.0	2397.0	2406.0	2425.0	2220.0	2310.0	2387.0	2421.0	2313.0	51907.0	57707.0	64400.0	68923.0	82441.0	95246.0	103386.0	131960148.0
PDAC216T_F8-9kf1_R1	349.0	368.0	353.0	349.0	409.0	360.0	387.0	358.0	390.0	367.0	352.0	379.0	469.0	508.0	530.0	545.0	524.0	553.0	562.0	564.0	569.0	575.0	576.0	548.0	529.0	527.0	443.0	494.0	12809.0	13945.0	15952.0	17096.0	21387.0	23844.0	26078.0	56189568.0
PDAC216T_F8-9kf1_R2	349.0	368.0	353.0	349.0	409.0	360.0	387.0	358.0	390.0	367.0	352.0	379.0	469.0	508.0	530.0	545.0	524.0	553.0	562.0	564.0	569.0	575.0	576.0	548.0	529.0	527.0	443.0	494.0	12809.0	13945.0	15952.0	17096.0	21387.0	23844.0	26078.0	56189568.0
PDAC216Tkf1_R1	886.0	848.0	797.0	827.0	763.0	820.0	846.0	800.0	858.0	906.0	898.0	895.0	878.0	961.0	986.0	1092.0	1038.0	985.0	1063.0	1037.0	1097.0	1025.0	991.0	1068.0	980.0	976.0	1039.0	1025.0	9115.0	9985.0	11123.0	11652.0	13936.0	15735.0	17552.0	95864113.0
PDAC216Tkf1_R2	886.0	848.0	797.0	827.0	763.0	820.0	846.0	800.0	858.0	906.0	898.0	895.0	878.0	961.0	986.0	1092.0	1038.0	985.0	1063.0	1037.0	1097.0	1025.0	991.0	1068.0	980.0	976.0	1039.0	1025.0	9115.0	9985.0	11123.0	11652.0	13936.0	15735.0	17552.0	95864113.0
PDAC217T_F8-9kf1_R1	472.0	454.0	576.0	481.0	523.0	485.0	434.0	435.0	554.0	550.0	548.0	602.0	721.0	799.0	839.0	749.0	771.0	784.0	841.0	805.0	840.0	850.0	835.0	784.0	830.0	809.0	765.0	811.0	18919.0	21972.0	24262.0	27835.0	32980.0	38616.0	40365.0	58066759.0
PDAC217T_F8-9kf1_R2	472.0	454.0	576.0	481.0	523.0	485.0	434.0	435.0	554.0	550.0	548.0	602.0	721.0	799.0	839.0	749.0	771.0	784.0	841.0	805.0	840.0	850.0	835.0	784.0	830.0	809.0	765.0	811.0	18919.0	21972.0	24262.0	27835.0	32980.0	38616.0	40365.0	58066759.0
PDAC217Tkf1_R1	716.0	716.0	715.0	625.0	745.0	718.0	701.0	662.0	717.0	755.0	753.0	806.0	911.0	1008.0	961.0	978.0	975.0	1029.0	1019.0	1083.0	1014.0	1031.0	995.0	974.0	986.0	948.0	838.0	951.0	14515.0	15936.0	17765.0	19008.0	22562.0	25839.0	27753.0	91626203.0
PDAC217Tkf1_R2	716.0	716.0	715.0	625.0	745.0	718.0	701.0	662.0	717.0	755.0	753.0	806.0	911.0	1008.0	961.0	978.0	975.0	1029.0	1019.0	1083.0	1014.0	1031.0	995.0	974.0	986.0	948.0	838.0	951.0	14515.0	15936.0	17765.0	19008.0	22562.0	25839.0	27753.0	91626203.0
PDAC218T_F8-9kf1_R1	392.0	440.0	416.0	364.0	400.0	385.0	430.0	387.0	446.0	420.0	406.0	459.0	487.0	535.0	507.0	513.0	556.0	527.0	500.0	533.0	553.0	533.0	532.0	586.0	507.0	522.0	494.0	512.0	10610.0	11881.0	13039.0	14083.0	17524.0	19184.0	21467.0	55769372.0
PDAC218T_F8-9kf1_R2	392.0	440.0	416.0	364.0	400.0	385.0	430.0	387.0	446.0	420.0	406.0	459.0	487.0	535.0	507.0	513.0	556.0	527.0	500.0	533.0	553.0	533.0	532.0	586.0	507.0	522.0	494.0	512.0	10610.0	11881.0	13039.0	14083.0	17524.0	19184.0	21467.0	55769372.0
PDAC218Tkf1_R1	530.0	532.0	536.0	483.0	542.0	550.0	532.0	458.0	584.0	576.0	580.0	578.0	637.0	657.0	694.0	753.0	741.0	724.0	763.0	745.0	815.0	734.0	837.0	721.0	797.0	747.0	729.0	748.0	14300.0	15950.0	17929.0	19560.0	22749.0	26414.0	29116.0	108404048.0
PDAC218Tkf1_R2	530.0	532.0	536.0	483.0	542.0	550.0	532.0	458.0	584.0	576.0	580.0	578.0	637.0	657.0	694.0	753.0	741.0	724.0	763.0	745.0	815.0	734.0	837.0	721.0	797.0	747.0	729.0	748.0	14300.0	15950.0	17929.0	19560.0	22749.0	26414.0	29116.0	108404048.0
PDAC219T_F8-9kf1_R1	410.0	388.0	323.0	356.0	376.0	353.0	346.0	368.0	436.0	398.0	489.0	518.0	510.0	573.0	578.0	599.0	611.0	672.0	675.0	614.0	625.0	620.0	600.0	553.0	531.0	542.0	624.0	580.0	11319.0	12930.0	14062.0	15173.0	18590.0	21504.0	21946.0	41427567.0
PDAC219T_F8-9kf1_R2	410.0	388.0	323.0	356.0	376.0	353.0	346.0	368.0	436.0	398.0	489.0	518.0	510.0	573.0	578.0	599.0	611.0	672.0	675.0	614.0	625.0	620.0	600.0	553.0	531.0	542.0	624.0	580.0	11319.0	12930.0	14062.0	15173.0	18590.0	21504.0	21946.0	41427567.0
PDAC219Tkf1_R1	865.0	862.0	868.0	766.0	831.0	794.0	860.0	827.0	943.0	909.0	959.0	996.0	1124.0	1052.0	1113.0	1215.0	1185.0	1211.0	1229.0	1248.0	1183.0	1205.0	1124.0	1120.0	1209.0	1014.0	1141.0	1096.0	18225.0	19794.0	22290.0	23632.0	28204.0	32129.0	35674.0	106601743.0
PDAC219Tkf1_R2	865.0	862.0	868.0	766.0	831.0	794.0	860.0	827.0	943.0	909.0	959.0	996.0	1124.0	1052.0	1113.0	1215.0	1185.0	1211.0	1229.0	1248.0	1183.0	1205.0	1124.0	1120.0	1209.0	1014.0	1141.0	1096.0	18225.0	19794.0	22290.0	23632.0	28204.0	32129.0	35674.0	106601743.0
PDAC220T_F8-9kf1_R1	465.0	526.0	416.0	423.0	472.0	448.0	509.0	454.0	551.0	610.0	627.0	741.0	856.0	960.0	1036.0	1017.0	924.0	1061.0	1092.0	1056.0	998.0	888.0	856.0	857.0	791.0	913.0	918.0	881.0	23977.0	27956.0	30357.0	33318.0	39680.0	48348.0	48239.0	63059742.0
PDAC220T_F8-9kf1_R2	465.0	526.0	416.0	423.0	472.0	448.0	509.0	454.0	551.0	610.0	627.0	741.0	856.0	960.0	1036.0	1017.0	924.0	1061.0	1092.0	1056.0	998.0	888.0	856.0	857.0	791.0	913.0	918.0	881.0	23977.0	27956.0	30357.0	33318.0	39680.0	48348.0	48239.0	63059742.0
PDAC220Tkf1_R1	808.0	848.0	793.0	799.0	779.0	694.0	759.0	749.0	877.0	869.0	915.0	894.0	919.0	986.0	935.0	1077.0	1066.0	1059.0	1205.0	996.0	1087.0	988.0	1028.0	987.0	990.0	938.0	996.0	933.0	10169.0	11253.0	12428.0	13097.0	15830.0	18375.0	20087.0	99850846.0
PDAC220Tkf1_R2	808.0	848.0	793.0	799.0	779.0	694.0	759.0	749.0	877.0	869.0	915.0	894.0	919.0	986.0	935.0	1077.0	1066.0	1059.0	1205.0	996.0	1087.0	988.0	1028.0	987.0	990.0	938.0	996.0	933.0	10169.0	11253.0	12428.0	13097.0	15830.0	18375.0	20087.0	99850846.0
PDAC221T_F8-9kf1_R1	250.0	262.0	238.0	240.0	261.0	268.0	279.0	258.0	327.0	281.0	325.0	295.0	435.0	458.0	508.0	485.0	450.0	414.0	481.0	536.0	508.0	451.0	498.0	474.0	498.0	471.0	433.0	472.0	12056.0	13775.0	15524.0	16679.0	20307.0	22529.0	23916.0	43569978.0
PDAC221T_F8-9kf1_R2	250.0	262.0	238.0	240.0	261.0	268.0	279.0	258.0	327.0	281.0	325.0	295.0	435.0	458.0	508.0	485.0	450.0	414.0	481.0	536.0	508.0	451.0	498.0	474.0	498.0	471.0	433.0	472.0	12056.0	13775.0	15524.0	16679.0	20307.0	22529.0	23916.0	43569978.0
PDAC221Tkf1_R1	755.0	755.0	724.0	698.0	729.0	755.0	746.0	739.0	790.0	839.0	890.0	861.0	904.0	907.0	906.0	962.0	994.0	975.0	1147.0	1001.0	1003.0	939.0	915.0	928.0	950.0	921.0	981.0	980.0	11077.0	11923.0	13258.0	14344.0	16504.0	19213.0	20828.0	90733696.0
PDAC221Tkf1_R2	755.0	755.0	724.0	698.0	729.0	755.0	746.0	739.0	790.0	839.0	890.0	861.0	904.0	907.0	906.0	962.0	994.0	975.0	1147.0	1001.0	1003.0	939.0	915.0	928.0	950.0	921.0	981.0	980.0	11077.0	11923.0	13258.0	14344.0	16504.0	19213.0	20828.0	90733696.0
PDAC222T_F8-9kf1_R1	339.0	344.0	369.0	435.0	369.0	367.0	378.0	414.0	468.0	413.0	485.0	490.0	516.0	551.0	579.0	598.0	582.0	669.0	644.0	636.0	675.0	613.0	673.0	642.0	652.0	720.0	673.0	678.0	15974.0	18539.0	21310.0	22831.0	27061.0	32327.0	34354.0	47025658.0
PDAC222T_F8-9kf1_R2	339.0	344.0	369.0	435.0	369.0	367.0	378.0	414.0	468.0	413.0	485.0	490.0	516.0	551.0	579.0	598.0	582.0	669.0	644.0	636.0	675.0	613.0	673.0	642.0	652.0	720.0	673.0	678.0	15974.0	18539.0	21310.0	22831.0	27061.0	32327.0	34354.0	47025658.0
PDAC222Tkf1_R1	829.0	751.0	779.0	854.0	817.0	721.0	828.0	724.0	895.0	905.0	919.0	1024.0	893.0	986.0	1103.0	1155.0	1140.0	1131.0	1202.0	1146.0	1244.0	1201.0	1218.0	1226.0	1191.0	1193.0	1228.0	1110.0	16547.0	18165.0	20331.0	21198.0	25592.0	28699.0	32595.0	97518826.0
PDAC222Tkf1_R2	829.0	751.0	779.0	854.0	817.0	721.0	828.0	724.0	895.0	905.0	919.0	1024.0	893.0	986.0	1103.0	1155.0	1140.0	1131.0	1202.0	1146.0	1244.0	1201.0	1218.0	1226.0	1191.0	1193.0	1228.0	1110.0	16547.0	18165.0	20331.0	21198.0	25592.0	28699.0	32595.0	97518826.0
PDAC223T_F8-9kf1_R1	287.0	307.0	298.0	295.0	320.0	328.0	288.0	305.0	361.0	302.0	332.0	335.0	401.0	441.0	432.0	508.0	485.0	504.0	483.0	491.0	532.0	490.0	508.0	528.0	507.0	521.0	518.0	456.0	16356.0	18547.0	20726.0	22528.0	27786.0	30486.0	33796.0	54366415.0
PDAC223T_F8-9kf1_R2	287.0	307.0	298.0	295.0	320.0	328.0	288.0	305.0	361.0	302.0	332.0	335.0	401.0	441.0	432.0	508.0	485.0	504.0	483.0	491.0	532.0	490.0	508.0	528.0	507.0	521.0	518.0	456.0	16356.0	18547.0	20726.0	22528.0	27786.0	30486.0	33796.0	54366415.0
PDAC223Tkf1_R1	615.0	612.0	662.0	603.0	696.0	667.0	645.0	613.0	670.0	720.0	729.0	729.0	798.0	859.0	957.0	891.0	955.0	989.0	983.0	947.0	964.0	958.0	976.0	961.0	967.0	899.0	793.0	901.0	17770.0	19750.0	21736.0	23501.0	28089.0	31649.0	35618.0	103801215.0
PDAC223Tkf1_R2	615.0	612.0	662.0	603.0	696.0	667.0	645.0	613.0	670.0	720.0	729.0	729.0	798.0	859.0	957.0	891.0	955.0	989.0	983.0	947.0	964.0	958.0	976.0	961.0	967.0	899.0	793.0	901.0	17770.0	19750.0	21736.0	23501.0	28089.0	31649.0	35618.0	103801215.0
PDAC224T_F8-9kf1_R1	483.0	485.0	516.0	460.0	500.0	525.0	541.0	470.0	565.0	530.0	514.0	553.0	542.0	592.0	626.0	661.0	639.0	637.0	664.0	614.0	630.0	615.0	637.0	636.0	601.0	603.0	586.0	614.0	8862.0	9487.0	10809.0	11439.0	13541.0	15386.0	17480.0	57389705.0
PDAC224T_F8-9kf1_R2	483.0	485.0	516.0	460.0	500.0	525.0	541.0	470.0	565.0	530.0	514.0	553.0	542.0	592.0	626.0	661.0	639.0	637.0	664.0	614.0	630.0	615.0	637.0	636.0	601.0	603.0	586.0	614.0	8862.0	9487.0	10809.0	11439.0	13541.0	15386.0	17480.0	57389705.0
PDAC224Tkf1_R1	759.0	734.0	674.0	653.0	658.0	664.0	685.0	638.0	742.0	737.0	756.0	784.0	767.0	849.0	813.0	901.0	850.0	909.0	912.0	888.0	928.0	857.0	896.0	822.0	719.0	828.0	834.0	820.0	8854.0	9755.0	10868.0	11283.0	13731.0	15477.0	16988.0	93718076.0
PDAC224Tkf1_R2	759.0	734.0	674.0	653.0	658.0	664.0	685.0	638.0	742.0	737.0	756.0	784.0	767.0	849.0	813.0	901.0	850.0	909.0	912.0	888.0	928.0	857.0	896.0	822.0	719.0	828.0	834.0	820.0	8854.0	9755.0	10868.0	11283.0	13731.0	15477.0	16988.0	93718076.0
PDAC225T_F8-9kf1_R1	621.0	613.0	557.0	647.0	588.0	645.0	572.0	587.0	658.0	689.0	748.0	724.0	700.0	714.0	755.0	831.0	756.0	870.0	945.0	911.0	854.0	797.0	795.0	815.0	734.0	738.0	802.0	656.0	11589.0	12670.0	13950.0	14917.0	18571.0	20141.0	21978.0	50325103.0
PDAC225T_F8-9kf1_R2	621.0	613.0	557.0	647.0	588.0	645.0	572.0	587.0	658.0	689.0	748.0	724.0	700.0	714.0	755.0	831.0	756.0	870.0	945.0	911.0	854.0	797.0	795.0	815.0	734.0	738.0	802.0	656.0	11589.0	12670.0	13950.0	14917.0	18571.0	20141.0	21978.0	50325103.0
PDAC225Tkf1_R1	934.0	1002.0	921.0	846.0	906.0	866.0	889.0	883.0	961.0	958.0	980.0	987.0	1010.0	1042.0	1033.0	1058.0	952.0	1151.0	1331.0	1027.0	1108.0	1029.0	1101.0	1020.0	988.0	943.0	1050.0	1044.0	8163.0	8614.0	9621.0	10184.0	12168.0	13655.0	15164.0	94419563.0
PDAC225Tkf1_R2	934.0	1002.0	921.0	846.0	906.0	866.0	889.0	883.0	961.0	958.0	980.0	987.0	1010.0	1042.0	1033.0	1058.0	952.0	1151.0	1331.0	1027.0	1108.0	1029.0	1101.0	1020.0	988.0	943.0	1050.0	1044.0	8163.0	8614.0	9621.0	10184.0	12168.0	13655.0	15164.0	94419563.0
PDAC226T_F8-9kf1_R1	742.0	804.0	707.0	657.0	684.0	684.0	744.0	646.0	803.0	858.0	973.0	1062.0	1054.0	1136.0	1213.0	1154.0	1306.0	1455.0	1619.0	1410.0	1334.0	1277.0	1374.0	1327.0	1249.0	1249.0	1355.0	1483.0	30790.0	35334.0	40696.0	45021.0	53065.0	63154.0	62206.0	85406697.0
PDAC226T_F8-9kf1_R2	742.0	804.0	707.0	657.0	684.0	684.0	744.0	646.0	803.0	858.0	973.0	1062.0	1054.0	1136.0	1213.0	1154.0	1306.0	1455.0	1619.0	1410.0	1334.0	1277.0	1374.0	1327.0	1249.0	1249.0	1355.0	1483.0	30790.0	35334.0	40696.0	45021.0	53065.0	63154.0	62206.0	85406697.0
PDAC226Tkf1_R1	917.0	889.0	900.0	962.0	942.0	884.0	829.0	876.0	1026.0	1102.0	1019.0	1115.0	1188.0	1209.0	1160.0	1233.0	1200.0	1230.0	1313.0	1342.0	1250.0	1153.0	1260.0	1265.0	1220.0	1220.0	1184.0	1137.0	20452.0	22564.0	25182.0	26829.0	32045.0	36674.0	39871.0	112216955.0
PDAC226Tkf1_R2	917.0	889.0	900.0	962.0	942.0	884.0	829.0	876.0	1026.0	1102.0	1019.0	1115.0	1188.0	1209.0	1160.0	1233.0	1200.0	1230.0	1313.0	1342.0	1250.0	1153.0	1260.0	1265.0	1220.0	1220.0	1184.0	1137.0	20452.0	22564.0	25182.0	26829.0	32045.0	36674.0	39871.0	112216955.0
PDAC227T_F8-9kf1_R1	448.0	442.0	433.0	377.0	422.0	389.0	412.0	415.0	429.0	480.0	479.0	552.0	506.0	529.0	499.0	577.0	659.0	577.0	625.0	557.0	536.0	597.0	556.0	538.0	571.0	556.0	572.0	545.0	10544.0	11532.0	12926.0	13700.0	17085.0	18814.0	21012.0	49772796.0
PDAC227T_F8-9kf1_R2	448.0	442.0	433.0	377.0	422.0	389.0	412.0	415.0	429.0	480.0	479.0	552.0	506.0	529.0	499.0	577.0	659.0	577.0	625.0	557.0	536.0	597.0	556.0	538.0	571.0	556.0	572.0	545.0	10544.0	11532.0	12926.0	13700.0	17085.0	18814.0	21012.0	49772796.0
PDAC227Tkf1_R1	553.0	528.0	548.0	528.0	537.0	501.0	528.0	476.0	530.0	616.0	572.0	641.0	657.0	685.0	703.0	714.0	721.0	709.0	783.0	810.0	761.0	710.0	804.0	738.0	653.0	676.0	696.0	658.0	11264.0	12060.0	14001.0	14751.0	17562.0	19838.0	21956.0	82828080.0
PDAC227Tkf1_R2	553.0	528.0	548.0	528.0	537.0	501.0	528.0	476.0	530.0	616.0	572.0	641.0	657.0	685.0	703.0	714.0	721.0	709.0	783.0	810.0	761.0	710.0	804.0	738.0	653.0	676.0	696.0	658.0	11264.0	12060.0	14001.0	14751.0	17562.0	19838.0	21956.0	82828080.0
