Sample	FastQC_mqc-generalstats-fastqc-percent_duplicates	FastQC_mqc-generalstats-fastqc-percent_gc	FastQC_mqc-generalstats-fastqc-avg_sequence_length	FastQC_mqc-generalstats-fastqc-percent_fails	FastQC_mqc-generalstats-fastqc-total_sequences
PDAC200T_F8-9kf1_R1	81.34568707071197	62.0	74.97670082997453	27.27272727272727	61669965.0
PDAC200T_F8-9kf1_R2	80.81549766830194	62.0	74.97670082997453	36.36363636363637	61669965.0
PDAC200Tkf1_R1	44.60688616243089	47.0	74.98933561028377	0.0	82525585.0
PDAC200Tkf1_R2	45.12185605187965	47.0	74.98933561028377	9.090909090909092	82525585.0
PDAC201T_F8-9kf1_R1	73.06173467357605	58.0	74.98013094853012	18.181818181818183	71097858.0
PDAC201T_F8-9kf1_R2	73.94843491920918	59.0	74.98013094853012	9.090909090909092	71097858.0
PDAC201Tkf1_R1	66.95187028953958	51.0	74.98777902334463	18.181818181818183	143142324.0
PDAC201Tkf1_R2	66.37701059300016	52.0	74.98777902334463	18.181818181818183	143142324.0
PDAC202T_F8-9kf1_R1	48.381165673085505	49.0	74.98905453250057	0.0	47398615.0
PDAC202T_F8-9kf1_R2	50.73761711142362	49.0	74.98905453250057	9.090909090909092	47398615.0
PDAC202Tkf1_R1	59.542289217635414	48.0	74.99139305736382	9.090909090909092	110213236.0
PDAC202Tkf1_R2	59.65930113029042	48.0	74.99139305736382	18.181818181818183	110213236.0
PDAC203T_F8-9kf1_R1	82.98663693402341	60.0	74.98053991889242	27.27272727272727	92757784.0
PDAC203T_F8-9kf1_R2	82.41710691861564	61.0	74.98053991889242	27.27272727272727	92757784.0
PDAC203Tkf1_R1	50.66986823521624	48.0	74.98044297576732	18.181818181818183	83460141.0
PDAC203Tkf1_R2	50.59965669310386	48.0	74.98044297576732	27.27272727272727	83460141.0
PDAC204T_F8-9kf1_R1	74.37776227902856	59.0	74.97483902169334	36.36363636363637	51140897.0
PDAC204T_F8-9kf1_R2	74.28687155390955	60.0	74.97483902169334	36.36363636363637	51140897.0
PDAC204Tkf1_R1	57.92444640206086	49.0	74.98966394951718	18.181818181818183	97037355.0
PDAC204Tkf1_R2	58.80120568054896	49.0	74.98966394951718	27.27272727272727	97037355.0
PDAC205T_F8-9kf1_R1	63.898931847206214	54.0	74.9809665430038	27.27272727272727	64095503.0
PDAC205T_F8-9kf1_R2	65.61933413296157	54.0	74.9809665430038	18.181818181818183	64095503.0
PDAC205Tkf1_R1	64.59966605918297	50.0	74.98489218582057	27.27272727272727	86701490.0
PDAC205Tkf1_R2	61.2792467598066	51.0	74.98489218582057	18.181818181818183	86701490.0
PDAC206T_F8-9kf1_R1	62.058580280433794	53.0	74.97720548542381	18.181818181818183	41969264.0
PDAC206T_F8-9kf1_R2	61.640970153169675	53.0	74.97720548542381	9.090909090909092	41969264.0
PDAC206Tkf1_R1	72.78060353531637	51.0	74.96670324780338	9.090909090909092	172817666.0
PDAC206Tkf1_R2	73.12047585790589	51.0	74.96670324780338	9.090909090909092	172817666.0
PDAC207T_F8-9kf1_R1	63.625602571892216	54.0	74.96335193031982	9.090909090909092	88142596.0
PDAC207T_F8-9kf1_R2	62.559697187594956	55.0	74.96335193031982	27.27272727272727	88142596.0
PDAC207Tkf1_R1	57.06117378510411	53.0	74.97588777440849	18.181818181818183	84985892.0
PDAC207Tkf1_R2	56.830083743578086	53.0	74.97588777440849	18.181818181818183	84985892.0
PDAC208T_F8-9kf1_R1	77.23085924995189	59.0	74.97202859122406	27.27272727272727	58704587.0
PDAC208T_F8-9kf1_R2	75.33784419654043	59.0	74.97202859122406	27.27272727272727	58704587.0
PDAC208Tkf1_R1	62.493784389334216	50.0	74.97504996589572	18.181818181818183	101720382.0
PDAC208Tkf1_R2	58.562546708394215	50.0	74.97504996589572	27.27272727272727	101720382.0
PDAC209T_F8-9kf1_R1	54.656706156543045	52.0	74.98179341553194	18.181818181818183	38805686.0
PDAC209T_F8-9kf1_R2	57.05149390226217	52.0	74.98179341553194	9.090909090909092	38805686.0
PDAC209Tkf1_R1	62.951859446239	50.0	74.98126600552686	27.27272727272727	88294891.0
PDAC209Tkf1_R2	62.96139851206492	50.0	74.98126600552686	18.181818181818183	88294891.0
PDAC210T_F8-9kf1_R1	72.97095116248101	58.0	74.98276448429142	27.27272727272727	49716412.0
PDAC210T_F8-9kf1_R2	70.73776656198746	58.0	74.98276448429142	27.27272727272727	49716412.0
PDAC210Tkf1_R1	61.22572150993362	49.0	74.98945517183597	18.181818181818183	74321837.0
PDAC210Tkf1_R2	57.50021160473878	49.0	74.98945517183597	18.181818181818183	74321837.0
PDAC211T_F8-9kf1_R1	59.69393427441234	54.0	74.97149746281478	27.27272727272727	52231701.0
PDAC211T_F8-9kf1_R2	60.748147889921725	55.0	74.97149746281478	18.181818181818183	52231701.0
PDAC211Tkf1_R1	60.63562250845342	48.0	74.98508821619141	27.27272727272727	112677331.0
PDAC211Tkf1_R2	60.72501936350788	48.0	74.98508821619141	27.27272727272727	112677331.0
PDAC212T_F8-9kf1_R1	65.67358117098605	54.0	74.9810019415511	27.27272727272727	61985492.0
PDAC212T_F8-9kf1_R2	66.92710413943665	54.0	74.9810019415511	27.27272727272727	61985492.0
PDAC213T_F8-9kf1_R1	82.22016811578519	58.0	74.97851730569896	27.27272727272727	72853804.0
PDAC213T_F8-9kf1_R2	81.49947873929592	58.0	74.97851730569896	36.36363636363637	72853804.0
PDAC213Tkf1_R1	71.03276052510361	53.0	74.9866039784416	27.27272727272727	132885349.0
PDAC213Tkf1_R2	71.23347668374318	53.0	74.9866039784416	18.181818181818183	132885349.0
PDAC214T_F8-9kf1_R1	80.91971001907501	59.0	74.97407532869292	27.27272727272727	75433859.0
PDAC214T_F8-9kf1_R2	80.45792360589031	59.0	74.97407532869292	36.36363636363637	75433859.0
PDAC214Tkf1_R1	71.27848993015424	54.0	74.98407967837923	27.27272727272727	89343484.0
PDAC214Tkf1_R2	70.83367311825111	54.0	74.98407967837923	36.36363636363637	89343484.0
PDAC215T_F8-9kf1_R1	91.82882438760487	61.0	74.97508241999154	27.27272727272727	72412650.0
PDAC215T_F8-9kf1_R2	90.93451161479415	62.0	74.97508241999154	36.36363636363637	72412650.0
PDAC215Tkf1_R1	67.9297679697699	54.0	74.97770016580317	27.27272727272727	132539685.0
PDAC215Tkf1_R2	67.43163681669054	54.0	74.97770016580317	27.27272727272727	132539685.0
PDAC216T_F8-9kf1_R1	70.8032296450686	56.0	74.98718704654074	18.181818181818183	56333616.0
PDAC216T_F8-9kf1_R2	72.9569924185963	56.0	74.98718704654074	9.090909090909092	56333616.0
PDAC216Tkf1_R1	60.786297559448734	50.0	74.99097927021906	18.181818181818183	95979596.0
PDAC216Tkf1_R2	60.91846845532432	50.0	74.99097927021906	18.181818181818183	95979596.0
PDAC217T_F8-9kf1_R1	78.05822141895148	60.0	74.98128693184182	27.27272727272727	58290655.0
PDAC217T_F8-9kf1_R2	77.82191714029287	60.0	74.98128693184182	27.27272727272727	58290655.0
PDAC217Tkf1_R1	71.78041157903147	55.0	74.98902799772853	27.27272727272727	91793911.0
PDAC217Tkf1_R2	71.67265023306973	55.0	74.98902799772853	18.181818181818183	91793911.0
PDAC218T_F8-9kf1_R1	66.14676071760591	53.0	74.98828190879374	27.27272727272727	55890502.0
PDAC218T_F8-9kf1_R2	67.31023618851319	52.0	74.98828190879374	9.090909090909092	55890502.0
PDAC218Tkf1_R1	78.21898278282563	53.0	74.99184030445547	27.27272727272727	108568389.0
PDAC218Tkf1_R2	77.10070902569036	53.0	74.99184030445547	18.181818181818183	108568389.0
PDAC219T_F8-9kf1_R1	67.22717515583847	56.0	74.98327711344699	27.27272727272727	41557359.0
PDAC219T_F8-9kf1_R2	66.33926885830512	56.0	74.98327711344699	18.181818181818183	41557359.0
PDAC219Tkf1_R1	60.272834842759764	51.0	74.98847271208187	27.27272727272727	106810640.0
PDAC219Tkf1_R2	61.0421703615535	51.0	74.98847271208187	27.27272727272727	106810640.0
PDAC220T_F8-9kf1_R1	87.69648155885112	60.0	74.97943023761576	27.27272727272727	63332963.0
PDAC220T_F8-9kf1_R2	86.52208640282338	62.0	74.97943023761576	27.27272727272727	63332963.0
PDAC220Tkf1_R1	65.43129265222498	51.0	74.99103058202	27.27272727272727	99978059.0
PDAC220Tkf1_R2	65.43667464955195	52.0	74.99103058202	27.27272727272727	99978059.0
PDAC221T_F8-9kf1_R1	75.997553089635	57.0	74.98502682263745	27.27272727272727	43705620.0
PDAC221T_F8-9kf1_R2	75.34169189270129	56.0	74.98502682263745	27.27272727272727	43705620.0
PDAC221Tkf1_R1	69.26621458608406	52.0	74.99018352799698	27.27272727272727	90865537.0
PDAC221Tkf1_R2	66.58439265679102	53.0	74.99018352799698	18.181818181818183	90865537.0
PDAC222T_F8-9kf1_R1	73.4673331737842	56.0	74.98101407437854	27.27272727272727	47213026.0
PDAC222T_F8-9kf1_R2	73.65630140489422	57.0	74.98101407437854	9.090909090909092	47213026.0
PDAC222Tkf1_R1	69.08468799370827	51.0	74.98820625643752	18.181818181818183	97710366.0
PDAC222Tkf1_R2	71.36516388529475	51.0	74.98820625643752	27.27272727272727	97710366.0
PDAC223T_F8-9kf1_R1	76.1691217378903	56.0	74.98483216761512	27.27272727272727	54548203.0
PDAC223T_F8-9kf1_R2	75.82732480164842	56.0	74.98483216761512	27.27272727272727	54548203.0
PDAC223Tkf1_R1	65.52636434586708	52.0	74.98950731632914	27.27272727272727	104002087.0
PDAC223Tkf1_R2	65.74409936478642	51.0	74.98950731632914	18.181818181818183	104002087.0
PDAC224T_F8-9kf1_R1	59.357583025413824	51.0	74.98884370599228	27.27272727272727	57492748.0
PDAC224T_F8-9kf1_R2	61.40775223772152	51.0	74.98884370599228	18.181818181818183	57492748.0
PDAC224Tkf1_R1	70.51526309085305	52.0	74.9917928410221	27.27272727272727	93827109.0
PDAC224Tkf1_R2	69.84835473977058	52.0	74.9917928410221	27.27272727272727	93827109.0
PDAC225T_F8-9kf1_R1	57.799858641458	54.0	74.98364016216574	18.181818181818183	50459241.0
PDAC225T_F8-9kf1_R2	59.688111486486385	54.0	74.98364016216574	18.181818181818183	50459241.0
PDAC225Tkf1_R1	59.923607877009175	50.0	74.99082749954214	18.181818181818183	94525152.0
PDAC225Tkf1_R2	59.999607107153345	51.0	74.99082749954214	27.27272727272727	94525152.0
PDAC226T_F8-9kf1_R1	88.18088612777419	61.0	74.97956687979601	36.36363636363637	85767322.0
PDAC226T_F8-9kf1_R2	86.41689366241819	62.0	74.97956687979601	36.36363636363637	85767322.0
PDAC226Tkf1_R1	63.491407130789064	52.0	74.98790313311424	27.27272727272727	112451597.0
PDAC226Tkf1_R2	62.775305060880946	52.0	74.98790313311424	18.181818181818183	112451597.0
PDAC227T_F8-9kf1_R1	62.65309465139337	54.0	74.98664810335832	27.27272727272727	49892687.0
PDAC227T_F8-9kf1_R2	65.72262993934136	54.0	74.98664810335832	9.090909090909092	49892687.0
PDAC227Tkf1_R1	73.19303541512629	54.0	74.99077553497604	27.27272727272727	82957548.0
PDAC227Tkf1_R2	73.08258015293565	54.0	74.99077553497604	27.27272727272727	82957548.0
