	15.0	16.0	17.0	18.0	19.0	20.0	21.0	22.0	23.0	24.0	25.0	26.0	27.0	28.0	29.0	30.0	31.0	32.0	33.0	34.0	35.0	36.0	37.0	38.0	39.0	40.0
PDAC200T_F8_9_R1	1.0	9.0	26.0	89.0	302.0	706.0	1703.0	4096.0	9570.0	20981.0	40787.0	72071.0	118018.0	177323.0	252422.0	339113.0	438817.0	552069.0	677158.0	824948.0	1009204.0	1262116.0	1661971.0	2452757.0	5204979.0	46548729.0
	12.0	13.0	14.0	15.0	16.0	17.0	18.0	19.0	20.0	21.0	22.0	23.0	24.0	25.0	26.0	27.0	28.0	29.0	30.0	31.0	32.0	33.0	34.0	35.0	36.0	37.0	38.0	39.0	40.0
PDAC200T_F8_9_R2	1022.0	1202.0	4393.0	9665.0	20487.0	38333.0	56586.0	70861.0	81063.0	91394.0	104472.0	120134.0	137496.0	157373.0	182529.0	211646.0	244663.0	287536.0	340855.0	408743.0	490555.0	607733.0	763710.0	979832.0	1316078.0	1900530.0	3089367.0	7472148.0	42479559.0
	13.0	14.0	15.0	16.0	17.0	18.0	19.0	20.0	21.0	22.0	23.0	24.0	25.0	26.0	27.0	28.0	29.0	30.0	31.0	32.0	33.0	34.0	35.0	36.0	37.0	38.0	39.0	40.0
PDAC200T_R1	1.0	1.0	3.0	3.0	18.0	67.0	170.0	461.0	1458.0	4080.0	10320.0	23239.0	46690.0	84138.0	138144.0	213113.0	307595.0	422135.0	557614.0	710075.0	886391.0	1091943.0	1348210.0	1689461.0	2216413.0	3222492.0	6529092.0	63022258.0
	12.0	13.0	14.0	15.0	16.0	17.0	18.0	19.0	20.0	21.0	22.0	23.0	24.0	25.0	26.0	27.0	28.0	29.0	30.0	31.0	32.0	33.0	34.0	35.0	36.0	37.0	38.0	39.0	40.0
PDAC200T_R2	1345.0	882.0	3016.0	9478.0	29999.0	63681.0	99298.0	126420.0	145347.0	164554.0	186534.0	210222.0	240240.0	273562.0	312355.0	358525.0	411890.0	476869.0	560302.0	664653.0	784490.0	942208.0	1168837.0	1482215.0	1964967.0	2737442.0	4227200.0	9707247.0	55171807.0
	14.0	15.0	16.0	17.0	18.0	19.0	20.0	21.0	22.0	23.0	24.0	25.0	26.0	27.0	28.0	29.0	30.0	31.0	32.0	33.0	34.0	35.0	36.0	37.0	38.0	39.0	40.0
PDAC201T_F8-9_R1	1.0	4.0	18.0	33.0	91.0	227.0	567.0	1244.0	3065.0	7463.0	16426.0	33061.0	61100.0	103041.0	162951.0	241587.0	340421.0	457098.0	597692.0	765404.0	969039.0	1238932.0	1619532.0	2240489.0	3505249.0	7979173.0	50753950.0
	7.0	8.0	9.0	10.0	11.0	12.0	13.0	14.0	15.0	16.0	17.0	18.0	19.0	20.0	21.0	22.0	23.0	24.0	25.0	26.0	27.0	28.0	29.0	30.0	31.0	32.0	33.0	34.0	35.0	36.0	37.0	38.0	39.0	40.0
PDAC201T_F8-9_R2	1.0	0.0	0.0	1.0	1.0	128.0	1890.0	6233.0	11618.0	19465.0	35077.0	55836.0	75842.0	92313.0	106945.0	123983.0	142898.0	166763.0	193676.0	224842.0	263650.0	310402.0	370477.0	443941.0	531587.0	635235.0	769762.0	954427.0	1226335.0	1657938.0	2668116.0	5028197.0	9074614.0	45905665.0
	13.0	14.0	15.0	16.0	17.0	18.0	19.0	20.0	21.0	22.0	23.0	24.0	25.0	26.0	27.0	28.0	29.0	30.0	31.0	32.0	33.0	34.0	35.0	36.0	37.0	38.0	39.0	40.0
PDAC201T_R1	5.0	5.0	15.0	43.0	70.0	171.0	440.0	1080.0	3067.0	7983.0	20220.0	44672.0	89597.0	161711.0	268664.0	412528.0	599160.0	821920.0	1080097.0	1371958.0	1706025.0	2103963.0	2602821.0	3292991.0	4399641.0	6640515.0	14669928.0	102843034.0
	9.0	10.0	11.0	12.0	13.0	14.0	15.0	16.0	17.0	18.0	19.0	20.0	21.0	22.0	23.0	24.0	25.0	26.0	27.0	28.0	29.0	30.0	31.0	32.0	33.0	34.0	35.0	36.0	37.0	38.0	39.0	40.0
PDAC201T_R2	1.0	1.0	11.0	169.0	1389.0	5970.0	16082.0	41683.0	88532.0	141580.0	191025.0	236986.0	281750.0	334709.0	394130.0	459991.0	536208.0	625370.0	732338.0	864615.0	1025676.0	1227500.0	1456253.0	1690276.0	1975096.0	2372861.0	2970028.0	3939885.0	5971159.0	9481587.0	21481025.0	84598438.0
	13.0	14.0	15.0	16.0	17.0	18.0	19.0	20.0	21.0	22.0	23.0	24.0	25.0	26.0	27.0	28.0	29.0	30.0	31.0	32.0	33.0	34.0	35.0	36.0	37.0	38.0	39.0	40.0
PDAC202T_F8_9_R1	1.0	1.0	0.0	3.0	14.0	27.0	83.0	215.0	602.0	1777.0	4510.0	10042.0	21453.0	41225.0	70709.0	111210.0	163349.0	227903.0	301688.0	385384.0	480164.0	594300.0	732625.0	918983.0	1211804.0	1777033.0	3677660.0	36665850.0
	12.0	13.0	14.0	15.0	16.0	17.0	18.0	19.0	20.0	21.0	22.0	23.0	24.0	25.0	26.0	27.0	28.0	29.0	30.0	31.0	32.0	33.0	34.0	35.0	36.0	37.0	38.0	39.0	40.0
PDAC202T_F8_9_R2	804.0	647.0	2305.0	7413.0	22138.0	47092.0	71462.0	87629.0	98947.0	110045.0	120560.0	135426.0	151086.0	168694.0	191013.0	215651.0	243554.0	279258.0	323913.0	376690.0	446885.0	542587.0	674635.0	853721.0	1128771.0	1578048.0	2488104.0	5860182.0	31171355.0
	12.0	13.0	14.0	15.0	16.0	17.0	18.0	19.0	20.0	21.0	22.0	23.0	24.0	25.0	26.0	27.0	28.0	29.0	30.0	31.0	32.0	33.0	34.0	35.0	36.0	37.0	38.0	39.0	40.0
PDAC202T_R1	1.0	0.0	2.0	1.0	9.0	20.0	63.0	207.0	597.0	1570.0	4578.0	11486.0	26123.0	54867.0	103286.0	175497.0	274568.0	402749.0	558059.0	737753.0	943011.0	1176029.0	1450258.0	1790382.0	2248325.0	2961125.0	4342134.0	9005770.0	83944766.0
	11.0	12.0	13.0	14.0	15.0	16.0	17.0	18.0	19.0	20.0	21.0	22.0	23.0	24.0	25.0	26.0	27.0	28.0	29.0	30.0	31.0	32.0	33.0	34.0	35.0	36.0	37.0	38.0	39.0	40.0
PDAC202T_R2	1.0	1930.0	1979.0	7222.0	22656.0	67974.0	147787.0	222512.0	271412.0	299894.0	325773.0	354572.0	390687.0	432629.0	480787.0	536856.0	603028.0	679272.0	776113.0	901553.0	1054621.0	1238188.0	1465098.0	1784468.0	2233043.0	2933062.0	4262755.0	6412899.0	14757356.0	67547109.0
	13.0	14.0	15.0	16.0	17.0	18.0	19.0	20.0	21.0	22.0	23.0	24.0	25.0	26.0	27.0	28.0	29.0	30.0	31.0	32.0	33.0	34.0	35.0	36.0	37.0	38.0	39.0	40.0
PDAC203T_F8-9_R1	1.0	2.0	11.0	22.0	48.0	123.0	342.0	875.0	2043.0	4790.0	10993.0	23730.0	47613.0	86177.0	144653.0	226390.0	332550.0	463412.0	620165.0	807476.0	1024950.0	1296427.0	1649987.0	2150546.0	2973077.0	4640187.0	10602428.0	65648766.0
	11.0	12.0	13.0	14.0	15.0	16.0	17.0	18.0	19.0	20.0	21.0	22.0	23.0	24.0	25.0	26.0	27.0	28.0	29.0	30.0	31.0	32.0	33.0	34.0	35.0	36.0	37.0	38.0	39.0	40.0
PDAC203T_F8-9_R2	1.0	187.0	3096.0	10585.0	18204.0	27575.0	50430.0	83197.0	114251.0	140959.0	164625.0	191100.0	221955.0	256205.0	297347.0	345404.0	401844.0	472897.0	559839.0	670659.0	802053.0	953001.0	1149083.0	1415389.0	1810824.0	2458887.0	4133023.0	7821005.0	13199584.0	54984575.0
	12.0	13.0	14.0	15.0	16.0	17.0	18.0	19.0	20.0	21.0	22.0	23.0	24.0	25.0	26.0	27.0	28.0	29.0	30.0	31.0	32.0	33.0	34.0	35.0	36.0	37.0	38.0	39.0	40.0
PDAC203T_R1	2.0	3.0	1.0	6.0	9.0	61.0	209.0	508.0	1253.0	2925.0	6960.0	16131.0	34106.0	66371.0	116061.0	189010.0	287876.0	412957.0	563830.0	737020.0	932470.0	1153342.0	1412654.0	1731373.0	2167384.0	2842680.0	4088224.0	8488471.0	58208244.0
	12.0	13.0	14.0	15.0	16.0	17.0	18.0	19.0	20.0	21.0	22.0	23.0	24.0	25.0	26.0	27.0	28.0	29.0	30.0	31.0	32.0	33.0	34.0	35.0	36.0	37.0	38.0	39.0	40.0
PDAC203T_R2	82.0	1663.0	6166.0	13581.0	33175.0	69535.0	110934.0	146889.0	177466.0	209526.0	246044.0	287452.0	334699.0	387482.0	445901.0	514931.0	592258.0	687004.0	804762.0	948223.0	1132611.0	1354138.0	1633776.0	2022018.0	2615038.0	3713548.0	5702330.0	13369728.0	45899181.0
	16.0	17.0	18.0	19.0	20.0	21.0	22.0	23.0	24.0	25.0	26.0	27.0	28.0	29.0	30.0	31.0	32.0	33.0	34.0	35.0	36.0	37.0	38.0	39.0	40.0
PDAC204T_F8_9_R1	7.0	24.0	95.0	249.0	583.0	1427.0	3280.0	7180.0	14980.0	28399.0	50504.0	83005.0	126948.0	182413.0	247278.0	324163.0	408002.0	506586.0	618999.0	763236.0	959619.0	1277735.0	1929513.0	4376136.0	39230536.0
	12.0	13.0	14.0	15.0	16.0	17.0	18.0	19.0	20.0	21.0	22.0	23.0	24.0	25.0	26.0	27.0	28.0	29.0	30.0	31.0	32.0	33.0	34.0	35.0	36.0	37.0	38.0	39.0	40.0
PDAC204T_F8_9_R2	26.0	386.0	1881.0	5086.0	12859.0	25887.0	39802.0	50662.0	60675.0	70406.0	81943.0	95653.0	110045.0	126425.0	147370.0	170768.0	198721.0	234922.0	282791.0	340511.0	407701.0	485957.0	590700.0	751741.0	992479.0	1424748.0	2335709.0	5797862.0	36297181.0
	13.0	14.0	15.0	16.0	17.0	18.0	19.0	20.0	21.0	22.0	23.0	24.0	25.0	26.0	27.0	28.0	29.0	30.0	31.0	32.0	33.0	34.0	35.0	36.0	37.0	38.0	39.0	40.0
PDAC204T_R1	1.0	0.0	4.0	10.0	23.0	80.0	286.0	825.0	2112.0	5266.0	12585.0	27688.0	55343.0	100431.0	166812.0	257867.0	373177.0	510622.0	670047.0	847963.0	1050443.0	1284459.0	1573068.0	1959993.0	2565986.0	3752737.0	7921616.0	73897911.0
	12.0	13.0	14.0	15.0	16.0	17.0	18.0	19.0	20.0	21.0	22.0	23.0	24.0	25.0	26.0	27.0	28.0	29.0	30.0	31.0	32.0	33.0	34.0	35.0	36.0	37.0	38.0	39.0	40.0
PDAC204T_R2	1115.0	1423.0	4892.0	13384.0	35577.0	74013.0	114419.0	144853.0	168211.0	191498.0	217294.0	246881.0	282292.0	322772.0	369308.0	422016.0	486482.0	564442.0	665679.0	796718.0	958940.0	1146372.0	1389941.0	1734836.0	2277510.0	3181270.0	5021727.0	12212128.0	63991362.0
	13.0	14.0	15.0	16.0	17.0	18.0	19.0	20.0	21.0	22.0	23.0	24.0	25.0	26.0	27.0	28.0	29.0	30.0	31.0	32.0	33.0	34.0	35.0	36.0	37.0	38.0	39.0	40.0
PDAC205T_F8-9_R1_fastq	2.0	5.0	6.0	11.0	28.0	68.0	189.0	456.0	1183.0	2868.0	6638.0	14389.0	28689.0	52261.0	87893.0	138532.0	205398.0	288263.0	387925.0	507832.0	650421.0	825955.0	1053580.0	1377922.0	1910902.0	3001993.0	6966227.0	46585867.0
	9.0	10.0	11.0	12.0	13.0	14.0	15.0	16.0	17.0	18.0	19.0	20.0	21.0	22.0	23.0	24.0	25.0	26.0	27.0	28.0	29.0	30.0	31.0	32.0	33.0	34.0	35.0	36.0	37.0	38.0	39.0	40.0
PDAC205T_F8-9_R2_fastq	1.0	2.0	1.0	85.0	1121.0	4195.0	9137.0	17814.0	36567.0	60618.0	82619.0	100365.0	116655.0	134214.0	155104.0	178929.0	207938.0	240059.0	280076.0	325023.0	383100.0	454936.0	540014.0	644038.0	777300.0	957268.0	1215542.0	1631257.0	2533062.0	4474448.0	8890675.0	39643340.0
	12.0	13.0	14.0	15.0	16.0	17.0	18.0	19.0	20.0	21.0	22.0	23.0	24.0	25.0	26.0	27.0	28.0	29.0	30.0	31.0	32.0	33.0	34.0	35.0	36.0	37.0	38.0	39.0	40.0
PDAC205T_R1_fastq	1.0	1.0	2.0	11.0	20.0	26.0	76.0	187.0	449.0	1287.0	3333.0	8548.0	19659.0	39575.0	72696.0	123241.0	193367.0	285937.0	405602.0	547215.0	717998.0	922126.0	1165687.0	1492455.0	1950353.0	2708359.0	4314432.0	10476146.0	61252701.0
	9.0	10.0	11.0	12.0	13.0	14.0	15.0	16.0	17.0	18.0	19.0	20.0	21.0	22.0	23.0	24.0	25.0	26.0	27.0	28.0	29.0	30.0	31.0	32.0	33.0	34.0	35.0	36.0	37.0	38.0	39.0	40.0
PDAC205T_R2_fastq	2.0	4.0	4.0	65.0	894.0	4814.0	15240.0	46571.0	114291.0	196455.0	263675.0	307529.0	342985.0	381128.0	425972.0	476880.0	531391.0	597135.0	674734.0	761641.0	872265.0	1001286.0	1153267.0	1334754.0	1565228.0	1873434.0	2331241.0	3050016.0	4512252.0	7377390.0	15077390.0	41411557.0
	13.0	14.0	15.0	16.0	17.0	18.0	19.0	20.0	21.0	22.0	23.0	24.0	25.0	26.0	27.0	28.0	29.0	30.0	31.0	32.0	33.0	34.0	35.0	36.0	37.0	38.0	39.0	40.0
PDAC206T_F8-9_R1_fastq	1.0	1.0	4.0	7.0	12.0	46.0	57.0	138.0	454.0	1135.0	2974.0	7091.0	15158.0	29250.0	50656.0	81855.0	122535.0	174328.0	237197.0	311849.0	402094.0	510206.0	652352.0	857419.0	1197271.0	1910192.0	4612768.0	30792214.0
	9.0	10.0	11.0	12.0	13.0	14.0	15.0	16.0	17.0	18.0	19.0	20.0	21.0	22.0	23.0	24.0	25.0	26.0	27.0	28.0	29.0	30.0	31.0	32.0	33.0	34.0	35.0	36.0	37.0	38.0	39.0	40.0
PDAC206T_F8-9_R2_fastq	1.0	1.0	1.0	48.0	666.0	2730.0	6175.0	14362.0	31392.0	54240.0	74878.0	92273.0	107340.0	123809.0	143699.0	165471.0	188557.0	216600.0	249329.0	287259.0	332307.0	385766.0	453127.0	537722.0	644158.0	790263.0	998393.0	1334099.0	2082947.0	3480567.0	6865495.0	22305589.0
	13.0	14.0	15.0	16.0	17.0	18.0	19.0	20.0	21.0	22.0	23.0	24.0	25.0	26.0	27.0	28.0	29.0	30.0	31.0	32.0	33.0	34.0	35.0	36.0	37.0	38.0	39.0	40.0
PDAC206T_R1_fastq	2.0	5.0	7.0	18.0	77.0	252.0	699.0	1830.0	4647.0	11579.0	27546.0	60778.0	121333.0	220463.0	368552.0	574739.0	836537.0	1157973.0	1527308.0	1950608.0	2432423.0	2985816.0	3671394.0	4583386.0	5985163.0	8671741.0	17740658.0	119882132.0
	12.0	13.0	14.0	15.0	16.0	17.0	18.0	19.0	20.0	21.0	22.0	23.0	24.0	25.0	26.0	27.0	28.0	29.0	30.0	31.0	32.0	33.0	34.0	35.0	36.0	37.0	38.0	39.0	40.0
PDAC206T_R2_fastq	201.0	4613.0	15805.0	31009.0	64912.0	125010.0	193986.0	253280.0	306588.0	360515.0	420836.0	492593.0	572980.0	665618.0	770396.0	892963.0	1038092.0	1208928.0	1417669.0	1680024.0	2016845.0	2436756.0	2984506.0	3738595.0	4886592.0	7070214.0	11025273.0	23520468.0	104622399.0
	13.0	14.0	15.0	16.0	17.0	18.0	19.0	20.0	21.0	22.0	23.0	24.0	25.0	26.0	27.0	28.0	29.0	30.0	31.0	32.0	33.0	34.0	35.0	36.0	37.0	38.0	39.0	40.0
PDAC207T_F8-9_R1_fastq	3.0	3.0	11.0	45.0	139.0	441.0	1061.0	2247.0	4788.0	10258.0	21744.0	43770.0	81169.0	138634.0	221954.0	335299.0	479547.0	652049.0	850234.0	1075752.0	1327335.0	1619881.0	1970575.0	2444663.0	3168941.0	4559406.0	9184799.0	59947848.0
	12.0	13.0	14.0	15.0	16.0	17.0	18.0	19.0	20.0	21.0	22.0	23.0	24.0	25.0	26.0	27.0	28.0	29.0	30.0	31.0	32.0	33.0	34.0	35.0	36.0	37.0	38.0	39.0	40.0
PDAC207T_F8-9_R2_fastq	314.0	5064.0	15921.0	30004.0	61976.0	115568.0	166860.0	198474.0	222015.0	245207.0	274692.0	310838.0	352925.0	403655.0	461922.0	530073.0	610759.0	708403.0	826366.0	970716.0	1155970.0	1379105.0	1675353.0	2085642.0	2697334.0	3818082.0	5947693.0	12348146.0	50523519.0
	13.0	14.0	15.0	16.0	17.0	18.0	19.0	20.0	21.0	22.0	23.0	24.0	25.0	26.0	27.0	28.0	29.0	30.0	31.0	32.0	33.0	34.0	35.0	36.0	37.0	38.0	39.0	40.0
PDAC207T_R1_fastq	2.0	3.0	4.0	23.0	75.0	219.0	610.0	1391.0	3756.0	9200.0	21084.0	44125.0	83163.0	139580.0	219105.0	327143.0	462265.0	627823.0	820081.0	1034500.0	1278353.0	1556957.0	1902403.0	2361409.0	3067274.0	4403458.0	8891200.0	57730686.0
	12.0	13.0	14.0	15.0	16.0	17.0	18.0	19.0	20.0	21.0	22.0	23.0	24.0	25.0	26.0	27.0	28.0	29.0	30.0	31.0	32.0	33.0	34.0	35.0	36.0	37.0	38.0	39.0	40.0
PDAC207T_R2_fastq	93.0	1527.0	5005.0	10852.0	26384.0	56199.0	91689.0	123926.0	153374.0	183914.0	219733.0	262553.0	311408.0	367288.0	429471.0	501575.0	585171.0	684863.0	808919.0	963761.0	1154490.0	1374497.0	1643884.0	2018731.0	2580107.0	3599147.0	5549466.0	12032823.0	49245042.0
	13.0	14.0	15.0	16.0	17.0	18.0	19.0	20.0	21.0	22.0	23.0	24.0	25.0	26.0	27.0	28.0	29.0	30.0	31.0	32.0	33.0	34.0	35.0	36.0	37.0	38.0	39.0	40.0
PDAC208T_F8-9_R1_fastq	1.0	1.0	8.0	9.0	17.0	45.0	77.0	259.0	689.0	1893.0	4814.0	11660.0	24639.0	45825.0	77926.0	122840.0	181534.0	255472.0	341122.0	442360.0	561708.0	704619.0	895752.0	1167335.0	1616833.0	2559286.0	6144223.0	43543640.0
	10.0	11.0	12.0	13.0	14.0	15.0	16.0	17.0	18.0	19.0	20.0	21.0	22.0	23.0	24.0	25.0	26.0	27.0	28.0	29.0	30.0	31.0	32.0	33.0	34.0	35.0	36.0	37.0	38.0	39.0	40.0
PDAC208T_F8-9_R2_fastq	1.0	3.0	55.0	1118.0	6674.0	17161.0	26127.0	36673.0	54311.0	72734.0	89901.0	103522.0	120400.0	138797.0	162504.0	189226.0	220306.0	257687.0	300789.0	354580.0	420597.0	502817.0	605573.0	742244.0	930348.0	1214058.0	1727712.0	3355994.0	6217581.0	8898402.0	31936692.0
	14.0	15.0	16.0	17.0	18.0	19.0	20.0	21.0	22.0	23.0	24.0	25.0	26.0	27.0	28.0	29.0	30.0	31.0	32.0	33.0	34.0	35.0	36.0	37.0	38.0	39.0	40.0
PDAC208T_R1_fastq	2.0	3.0	14.0	66.0	175.0	506.0	1345.0	3363.0	8399.0	19726.0	42554.0	82978.0	147756.0	242713.0	369307.0	529147.0	722846.0	942902.0	1191178.0	1471679.0	1802289.0	2207358.0	2762101.0	3621962.0	5288982.0	10953695.0	69307336.0
	12.0	13.0	14.0	15.0	16.0	17.0	18.0	19.0	20.0	21.0	22.0	23.0	24.0	25.0	26.0	27.0	28.0	29.0	30.0	31.0	32.0	33.0	34.0	35.0	36.0	37.0	38.0	39.0	40.0
PDAC208T_R2_fastq	344.0	3622.0	10080.0	19406.0	42314.0	82377.0	128050.0	169742.0	207964.0	247334.0	292658.0	342291.0	396272.0	457761.0	525955.0	606789.0	698579.0	811724.0	947424.0	1111134.0	1311678.0	1572179.0	1913191.0	2407272.0	3214366.0	4785670.0	6962688.0	15921808.0	56529710.0
	14.0	15.0	16.0	17.0	18.0	19.0	20.0	21.0	22.0	23.0	24.0	25.0	26.0	27.0	28.0	29.0	30.0	31.0	32.0	33.0	34.0	35.0	36.0	37.0	38.0	39.0	40.0
PDAC209T_F8_9_R1	1.0	0.0	1.0	4.0	36.0	156.0	472.0	1327.0	3021.0	7049.0	14494.0	27786.0	48597.0	79742.0	119129.0	168589.0	226936.0	291732.0	365386.0	444964.0	541213.0	660662.0	832711.0	1119119.0	1740347.0	4198490.0	27913722.0
	12.0	13.0	14.0	15.0	16.0	17.0	18.0	19.0	20.0	21.0	22.0	23.0	24.0	25.0	26.0	27.0	28.0	29.0	30.0	31.0	32.0	33.0	34.0	35.0	36.0	37.0	38.0	39.0	40.0
PDAC209T_F8_9_R2	42.0	646.0	1647.0	3123.0	7449.0	15975.0	25799.0	34723.0	43576.0	52621.0	64014.0	76650.0	91446.0	108112.0	128551.0	150181.0	175868.0	206556.0	243629.0	290614.0	348872.0	423740.0	521217.0	659338.0	861772.0	1223738.0	1955255.0	4662492.0	26428040.0
	14.0	15.0	16.0	17.0	18.0	19.0	20.0	21.0	22.0	23.0	24.0	25.0	26.0	27.0	28.0	29.0	30.0	31.0	32.0	33.0	34.0	35.0	36.0	37.0	38.0	39.0	40.0
PDAC209T_R1	1.0	2.0	6.0	25.0	123.0	328.0	787.0	1895.0	4667.0	11301.0	24197.0	48289.0	86831.0	143256.0	219405.0	315184.0	432106.0	564932.0	715384.0	884707.0	1084272.0	1332564.0	1677509.0	2228233.0	3338132.0	7483021.0	67697734.0
	12.0	13.0	14.0	15.0	16.0	17.0	18.0	19.0	20.0	21.0	22.0	23.0	24.0	25.0	26.0	27.0	28.0	29.0	30.0	31.0	32.0	33.0	34.0	35.0	36.0	37.0	38.0	39.0	40.0
PDAC209T_R2	105.0	1782.0	7135.0	17394.0	42497.0	84763.0	124641.0	152094.0	169715.0	185479.0	204835.0	228700.0	256907.0	289083.0	327596.0	370973.0	424279.0	489706.0	575912.0	682529.0	799524.0	940410.0	1135583.0	1426453.0	1864770.0	2592660.0	4107022.0	9796072.0	60996272.0
	14.0	15.0	16.0	17.0	18.0	19.0	20.0	21.0	22.0	23.0	24.0	25.0	26.0	27.0	28.0	29.0	30.0	31.0	32.0	33.0	34.0	35.0	36.0	37.0	38.0	39.0	40.0
PDAC210T_F8-9_R1_fastq	1.0	7.0	7.0	14.0	35.0	64.0	214.0	551.0	1512.0	4354.0	10052.0	20944.0	39490.0	67683.0	106723.0	157366.0	219310.0	293545.0	382612.0	487675.0	616766.0	783966.0	1025252.0	1421919.0	2261521.0	5478831.0	36335998.0
	10.0	11.0	12.0	13.0	14.0	15.0	16.0	17.0	18.0	19.0	20.0	21.0	22.0	23.0	24.0	25.0	26.0	27.0	28.0	29.0	30.0	31.0	32.0	33.0	34.0	35.0	36.0	37.0	38.0	39.0	40.0
PDAC210T_F8-9_R2_fastq	1.0	2.0	62.0	1071.0	5425.0	11661.0	18174.0	31397.0	52378.0	75017.0	93786.0	110608.0	129772.0	152302.0	178159.0	208249.0	242212.0	279267.0	321982.0	373448.0	437761.0	516595.0	612852.0	739070.0	911635.0	1169476.0	1603156.0	2824310.0	4960574.0	8056604.0	25599406.0
	13.0	14.0	15.0	16.0	17.0	18.0	19.0	20.0	21.0	22.0	23.0	24.0	25.0	26.0	27.0	28.0	29.0	30.0	31.0	32.0	33.0	34.0	35.0	36.0	37.0	38.0	39.0	40.0
PDAC210T_R1_fastq	5.0	7.0	10.0	14.0	36.0	63.0	178.0	436.0	1191.0	3202.0	8295.0	18897.0	37373.0	67942.0	113869.0	175888.0	257983.0	356652.0	479176.0	625528.0	799272.0	1011669.0	1293303.0	1690083.0	2346764.0	3739528.0	9072203.0	52222270.0
	9.0	10.0	11.0	12.0	13.0	14.0	15.0	16.0	17.0	18.0	19.0	20.0	21.0	22.0	23.0	24.0	25.0	26.0	27.0	28.0	29.0	30.0	31.0	32.0	33.0	34.0	35.0	36.0	37.0	38.0	39.0	40.0
PDAC210T_R2_fastq	1.0	3.0	7.0	73.0	679.0	3229.0	12693.0	45392.0	113316.0	191338.0	252425.0	290946.0	320425.0	354600.0	392873.0	439050.0	491891.0	552723.0	623100.0	701051.0	797719.0	911659.0	1047651.0	1206944.0	1410887.0	1683753.0	2076203.0	2688950.0	3874788.0	6217652.0	12921012.0	34698804.0
	14.0	15.0	16.0	17.0	18.0	19.0	20.0	21.0	22.0	23.0	24.0	25.0	26.0	27.0	28.0	29.0	30.0	31.0	32.0	33.0	34.0	35.0	36.0	37.0	38.0	39.0	40.0
PDAC211T_F8_9_R1	1.0	2.0	5.0	13.0	45.0	131.0	404.0	1134.0	3072.0	7777.0	17234.0	34546.0	61497.0	99671.0	151357.0	214138.0	286918.0	368703.0	461086.0	565632.0	688053.0	843113.0	1063653.0	1432779.0	2234783.0	5364987.0	38330967.0
	12.0	13.0	14.0	15.0	16.0	17.0	18.0	19.0	20.0	21.0	22.0	23.0	24.0	25.0	26.0	27.0	28.0	29.0	30.0	31.0	32.0	33.0	34.0	35.0	36.0	37.0	38.0	39.0	40.0
PDAC211T_F8_9_R2	78.0	1182.0	3849.0	6981.0	13872.0	26645.0	39669.0	49940.0	58753.0	68866.0	80320.0	94652.0	111650.0	130789.0	154320.0	181662.0	214037.0	251862.0	297403.0	356044.0	429835.0	520933.0	639733.0	809471.0	1062808.0	1497572.0	2401633.0	5669641.0	37057501.0
	15.0	16.0	17.0	18.0	19.0	20.0	21.0	22.0	23.0	24.0	25.0	26.0	27.0	28.0	29.0	30.0	31.0	32.0	33.0	34.0	35.0	36.0	37.0	38.0	39.0	40.0
PDAC211T_R1	6.0	10.0	48.0	164.0	392.0	1017.0	2439.0	6041.0	14660.0	32632.0	63796.0	114827.0	187900.0	287185.0	410189.0	562341.0	736441.0	930209.0	1159073.0	1421311.0	1752107.0	2200613.0	2917198.0	4372829.0	9784696.0	85719207.0
	12.0	13.0	14.0	15.0	16.0	17.0	18.0	19.0	20.0	21.0	22.0	23.0	24.0	25.0	26.0	27.0	28.0	29.0	30.0	31.0	32.0	33.0	34.0	35.0	36.0	37.0	38.0	39.0	40.0
PDAC211T_R2	114.0	2031.0	8606.0	22752.0	58571.0	117028.0	174036.0	210008.0	233453.0	254330.0	281759.0	312890.0	350791.0	394300.0	444249.0	503862.0	572830.0	660788.0	771024.0	911402.0	1077270.0	1270094.0	1532007.0	1933008.0	2543896.0	3566247.0	5710804.0	14257530.0	74501651.0
	15.0	16.0	17.0	18.0	19.0	20.0	21.0	22.0	23.0	24.0	25.0	26.0	27.0	28.0	29.0	30.0	31.0	32.0	33.0	34.0	35.0	36.0	37.0	38.0	39.0	40.0
PDAC212T_F8-9_R1_fastq	1.0	16.0	38.0	147.0	382.0	851.0	1810.0	3806.0	7946.0	16114.0	29749.0	52789.0	87597.0	136405.0	201126.0	282869.0	380663.0	497599.0	636379.0	807422.0	1026315.0	1341912.0	1867789.0	3021090.0	7684346.0	43900331.0
	12.0	13.0	14.0	15.0	16.0	17.0	18.0	19.0	20.0	21.0	22.0	23.0	24.0	25.0	26.0	27.0	28.0	29.0	30.0	31.0	32.0	33.0	34.0	35.0	36.0	37.0	38.0	39.0	40.0
PDAC212T_F8-9_R2_fastq	37.0	738.0	5858.0	15062.0	27117.0	49898.0	78360.0	101866.0	115207.0	125180.0	137477.0	153996.0	172663.0	196169.0	223816.0	257685.0	297845.0	345646.0	404838.0	477137.0	567222.0	683175.0	845311.0	1093264.0	1496575.0	2527031.0	4997509.0	9865516.0	36723294.0
	15.0	16.0	17.0	18.0	19.0	20.0	21.0	22.0	23.0	24.0	25.0	26.0	27.0	28.0	29.0	30.0	31.0	32.0	33.0	34.0	35.0	36.0	37.0	38.0	39.0	40.0
PDAC212T_R1_fastq	1.0	0.0	2.0	5.0	20.0	37.0	105.0	230.0	465.0	961.0	1866.0	3236.0	5389.0	8155.0	11578.0	15737.0	20577.0	26584.0	32710.0	40510.0	50195.0	62781.0	84453.0	125547.0	262288.0	1593864.0
	12.0	13.0	14.0	15.0	16.0	17.0	18.0	19.0	20.0	21.0	22.0	23.0	24.0	25.0	26.0	27.0	28.0	29.0	30.0	31.0	32.0	33.0	34.0	35.0	36.0	37.0	38.0	39.0	40.0
PDAC212T_R2_fastq	201.0	3153.0	11257.0	27602.0	68508.0	135352.0	198897.0	243540.0	277037.0	306949.0	342378.0	383306.0	429172.0	480118.0	539888.0	606207.0	688947.0	786738.0	905222.0	1045458.0	1212647.0	1416376.0	1695911.0	2089659.0	2717157.0	3948253.0	5864701.0	12972041.0	42334687.0
	15.0	16.0	17.0	18.0	19.0	20.0	21.0	22.0	23.0	24.0	25.0	26.0	27.0	28.0	29.0	30.0	31.0	32.0	33.0	34.0	35.0	36.0	37.0	38.0	39.0	40.0
PDAC213T_F8-9_R1_fastq	5.0	12.0	33.0	80.0	194.0	527.0	1257.0	3007.0	7061.0	14179.0	27749.0	49575.0	84041.0	132653.0	197785.0	282229.0	385112.0	511216.0	662693.0	848906.0	1094040.0	1454710.0	2066147.0	3404100.0	8760202.0	52866291.0
	11.0	12.0	13.0	14.0	15.0	16.0	17.0	18.0	19.0	20.0	21.0	22.0	23.0	24.0	25.0	26.0	27.0	28.0	29.0	30.0	31.0	32.0	33.0	34.0	35.0	36.0	37.0	38.0	39.0	40.0
PDAC213T_F8-9_R2_fastq	2.0	61.0	694.0	6084.0	17851.0	31768.0	56185.0	87148.0	109432.0	122881.0	133504.0	146933.0	163721.0	184030.0	210771.0	243750.0	284375.0	334550.0	396016.0	467472.0	557674.0	677831.0	836774.0	1059255.0	1390733.0	1951150.0	3227827.0	6550422.0	13869507.0	39735403.0
	13.0	14.0	15.0	16.0	17.0	18.0	19.0	20.0	21.0	22.0	23.0	24.0	25.0	26.0	27.0	28.0	29.0	30.0	31.0	32.0	33.0	34.0	35.0	36.0	37.0	38.0	39.0	40.0
PDAC213T_R1_fastq	2.0	2.0	11.0	16.0	43.0	139.0	305.0	943.0	2464.0	6284.0	15284.0	32786.0	63520.0	114579.0	188173.0	292161.0	428332.0	600299.0	805231.0	1051184.0	1344114.0	1709232.0	2187048.0	2884961.0	4069971.0	6621605.0	16309974.0	94156686.0
	12.0	13.0	14.0	15.0	16.0	17.0	18.0	19.0	20.0	21.0	22.0	23.0	24.0	25.0	26.0	27.0	28.0	29.0	30.0	31.0	32.0	33.0	34.0	35.0	36.0	37.0	38.0	39.0	40.0
PDAC213T_R2_fastq	177.0	3007.0	12659.0	24128.0	43314.0	81446.0	127908.0	166987.0	199893.0	234361.0	273740.0	321387.0	379303.0	447458.0	532744.0	637515.0	763709.0	917748.0	1094227.0	1299397.0	1547468.0	1885640.0	2369870.0	3114633.0	4383189.0	7250157.0	11017683.0	26097892.0	67657709.0
	14.0	15.0	16.0	17.0	18.0	19.0	20.0	21.0	22.0	23.0	24.0	25.0	26.0	27.0	28.0	29.0	30.0	31.0	32.0	33.0	34.0	35.0	36.0	37.0	38.0	39.0	40.0
PDAC214T_F8-9_R1_fastq	1.0	0.0	6.0	16.0	50.0	158.0	366.0	972.0	2479.0	5969.0	13110.0	26714.0	49133.0	83914.0	133750.0	201535.0	288509.0	393281.0	521328.0	674948.0	863288.0	1113142.0	1476287.0	2089376.0	3443100.0	9006273.0	55046154.0
	11.0	12.0	13.0	14.0	15.0	16.0	17.0	18.0	19.0	20.0	21.0	22.0	23.0	24.0	25.0	26.0	27.0	28.0	29.0	30.0	31.0	32.0	33.0	34.0	35.0	36.0	37.0	38.0	39.0	40.0
PDAC214T_F8-9_R2_fastq	1.0	48.0	594.0	5715.0	21525.0	40000.0	59392.0	81682.0	99076.0	108733.0	117000.0	127335.0	141722.0	162063.0	184833.0	216107.0	254051.0	301430.0	357918.0	424262.0	507567.0	620051.0	773937.0	992049.0	1332447.0	1920586.0	3756662.0	7831005.0	13573925.0	41422143.0
	15.0	16.0	17.0	18.0	19.0	20.0	21.0	22.0	23.0	24.0	25.0	26.0	27.0	28.0	29.0	30.0	31.0	32.0	33.0	34.0	35.0	36.0	37.0	38.0	39.0	40.0
PDAC214T_R1_fastq	7.0	17.0	38.0	122.0	298.0	774.0	2003.0	4679.0	10796.0	22440.0	43202.0	75533.0	123920.0	190544.0	281120.0	394766.0	532575.0	698384.0	898996.0	1146245.0	1475074.0	1948508.0	2765216.0	4571553.0	11881271.0	62275403.0
	12.0	13.0	14.0	15.0	16.0	17.0	18.0	19.0	20.0	21.0	22.0	23.0	24.0	25.0	26.0	27.0	28.0	29.0	30.0	31.0	32.0	33.0	34.0	35.0	36.0	37.0	38.0	39.0	40.0
PDAC214T_R2_fastq	83.0	1034.0	7229.0	21683.0	43515.0	82871.0	128614.0	163233.0	182557.0	197761.0	216916.0	243351.0	276059.0	316410.0	364620.0	423230.0	495657.0	582842.0	686694.0	814995.0	978435.0	1198548.0	1499082.0	1956586.0	2720384.0	4524514.0	8699869.0	18603199.0	43913513.0
	15.0	16.0	17.0	18.0	19.0	20.0	21.0	22.0	23.0	24.0	25.0	26.0	27.0	28.0	29.0	30.0	31.0	32.0	33.0	34.0	35.0	36.0	37.0	38.0	39.0	40.0
PDAC215T_F8-9_R1_fastq	1.0	2.0	20.0	63.0	175.0	433.0	1067.0	2567.0	6299.0	13678.0	28054.0	52057.0	88787.0	141991.0	214857.0	304894.0	415397.0	548966.0	707328.0	907005.0	1163330.0	1533170.0	2149143.0	3486232.0	8912667.0	51734467.0
	12.0	13.0	14.0	15.0	16.0	17.0	18.0	19.0	20.0	21.0	22.0	23.0	24.0	25.0	26.0	27.0	28.0	29.0	30.0	31.0	32.0	33.0	34.0	35.0	36.0	37.0	38.0	39.0	40.0
PDAC215T_F8-9_R2_fastq	27.0	900.0	8648.0	23554.0	34020.0	50413.0	75097.0	96236.0	105995.0	114822.0	126590.0	141676.0	158886.0	182629.0	209741.0	245224.0	286761.0	340888.0	406166.0	489740.0	595518.0	737174.0	942078.0	1257400.0	1817441.0	3654135.0	7660197.0	12910240.0	39740454.0
	13.0	14.0	15.0	16.0	17.0	18.0	19.0	20.0	21.0	22.0	23.0	24.0	25.0	26.0	27.0	28.0	29.0	30.0	31.0	32.0	33.0	34.0	35.0	36.0	37.0	38.0	39.0	40.0
PDAC215T_R1_fastq	1.0	2.0	6.0	26.0	61.0	156.0	449.0	1268.0	3142.0	8171.0	18904.0	39428.0	75704.0	130852.0	210991.0	324137.0	472382.0	658662.0	882112.0	1145879.0	1462351.0	1843762.0	2338888.0	3037371.0	4189845.0	6700723.0	16781544.0	92212868.0
	12.0	13.0	14.0	15.0	16.0	17.0	18.0	19.0	20.0	21.0	22.0	23.0	24.0	25.0	26.0	27.0	28.0	29.0	30.0	31.0	32.0	33.0	34.0	35.0	36.0	37.0	38.0	39.0	40.0
PDAC215T_R2_fastq	62.0	1428.0	9546.0	26154.0	54186.0	109520.0	177333.0	232577.0	266632.0	298660.0	332967.0	376097.0	428921.0	490952.0	567235.0	659361.0	771965.0	908897.0	1068090.0	1254901.0	1474372.0	1748795.0	2132664.0	2697103.0	3620991.0	5879755.0	10799720.0	23000112.0	73150689.0
	13.0	14.0	15.0	16.0	17.0	18.0	19.0	20.0	21.0	22.0	23.0	24.0	25.0	26.0	27.0	28.0	29.0	30.0	31.0	32.0	33.0	34.0	35.0	36.0	37.0	38.0	39.0	40.0
PDAC216T_F8-9_R1_fastq	1.0	1.0	3.0	0.0	11.0	37.0	144.0	522.0	1695.0	5009.0	12959.0	29163.0	57281.0	101945.0	166244.0	250393.0	350943.0	469616.0	605441.0	755785.0	932212.0	1154364.0	1457139.0	1909858.0	2694628.0	4348631.0	9801086.0	31228505.0
	12.0	13.0	14.0	15.0	16.0	17.0	18.0	19.0	20.0	21.0	22.0	23.0	24.0	25.0	26.0	27.0	28.0	29.0	30.0	31.0	32.0	33.0	34.0	35.0	36.0	37.0	38.0	39.0	40.0
PDAC216T_F8-9_R2_fastq	90.0	1360.0	3746.0	5946.0	10377.0	19792.0	33142.0	48723.0	64407.0	82159.0	102839.0	127916.0	155843.0	188583.0	225640.0	269367.0	320990.0	382782.0	455111.0	546095.0	660527.0	807886.0	1002547.0	1278798.0	1707656.0	2655843.0	4351262.0	8969375.0	31854814.0
	13.0	14.0	15.0	16.0	17.0	18.0	19.0	20.0	21.0	22.0	23.0	24.0	25.0	26.0	27.0	28.0	29.0	30.0	31.0	32.0	33.0	34.0	35.0	36.0	37.0	38.0	39.0	40.0
PDAC216T_R1_fastq	2.0	1.0	4.0	9.0	33.0	101.0	278.0	840.0	2252.0	6266.0	15253.0	34189.0	67743.0	121993.0	201652.0	311239.0	452476.0	623447.0	823433.0	1050737.0	1312825.0	1615891.0	2004738.0	2531582.0	3387619.0	5206074.0	12191456.0	64017463.0
	12.0	13.0	14.0	15.0	16.0	17.0	18.0	19.0	20.0	21.0	22.0	23.0	24.0	25.0	26.0	27.0	28.0	29.0	30.0	31.0	32.0	33.0	34.0	35.0	36.0	37.0	38.0	39.0	40.0
PDAC216T_R2_fastq	15.0	306.0	2020.0	9934.0	34450.0	78336.0	129636.0	175404.0	213047.0	250654.0	292401.0	338277.0	391102.0	448226.0	515431.0	594329.0	688411.0	801545.0	944717.0	1118892.0	1322325.0	1566911.0	1882588.0	2348021.0	3086446.0	4614916.0	7565059.0	19406948.0	47159249.0
	15.0	16.0	17.0	18.0	19.0	20.0	21.0	22.0	23.0	24.0	25.0	26.0	27.0	28.0	29.0	30.0	31.0	32.0	33.0	34.0	35.0	36.0	37.0	38.0	39.0	40.0
PDAC217T_F8-9_R1_fastq	5.0	10.0	24.0	94.0	235.0	569.0	1414.0	3131.0	6837.0	14602.0	27995.0	50012.0	84463.0	131359.0	196400.0	277212.0	374074.0	489007.0	628653.0	796450.0	1014489.0	1326224.0	1848943.0	2989248.0	7630824.0	40398381.0
	12.0	13.0	14.0	15.0	16.0	17.0	18.0	19.0	20.0	21.0	22.0	23.0	24.0	25.0	26.0	27.0	28.0	29.0	30.0	31.0	32.0	33.0	34.0	35.0	36.0	37.0	38.0	39.0	40.0
PDAC217T_F8-9_R2_fastq	27.0	789.0	5872.0	16871.0	29876.0	50082.0	75195.0	94569.0	107705.0	119034.0	131102.0	148244.0	167717.0	190337.0	218460.0	251787.0	291464.0	341030.0	400814.0	476073.0	572455.0	697520.0	872865.0	1130006.0	1565538.0	2746777.0	4975314.0	10545611.0	32067521.0
	14.0	15.0	16.0	17.0	18.0	19.0	20.0	21.0	22.0	23.0	24.0	25.0	26.0	27.0	28.0	29.0	30.0	31.0	32.0	33.0	34.0	35.0	36.0	37.0	38.0	39.0	40.0
PDAC217T_R1_fastq	3.0	1.0	11.0	29.0	122.0	281.0	752.0	2162.0	5698.0	13547.0	29991.0	59863.0	108384.0	179865.0	278777.0	407064.0	563903.0	747241.0	962177.0	1205991.0	1497862.0	1863831.0	2369704.0	3192859.0	4934675.0	11540164.0	61828954.0
	12.0	13.0	14.0	15.0	16.0	17.0	18.0	19.0	20.0	21.0	22.0	23.0	24.0	25.0	26.0	27.0	28.0	29.0	30.0	31.0	32.0	33.0	34.0	35.0	36.0	37.0	38.0	39.0	40.0
PDAC217T_R2_fastq	25.0	456.0	3820.0	14871.0	35222.0	66708.0	104579.0	139710.0	167851.0	196402.0	228665.0	267167.0	309540.0	356188.0	412990.0	481551.0	562027.0	662854.0	789693.0	941349.0	1107983.0	1305436.0	1575460.0	1980920.0	2633358.0	4256349.0	6941907.0	15422079.0	50828751.0
	13.0	14.0	15.0	16.0	17.0	18.0	19.0	20.0	21.0	22.0	23.0	24.0	25.0	26.0	27.0	28.0	29.0	30.0	31.0	32.0	33.0	34.0	35.0	36.0	37.0	38.0	39.0	40.0
PDAC218T_F8-9_R1_fastq	2.0	1.0	7.0	5.0	18.0	38.0	83.0	218.0	600.0	1543.0	4023.0	9390.0	19610.0	37484.0	64951.0	106075.0	161726.0	234101.0	323596.0	431319.0	561340.0	723496.0	929779.0	1218970.0	1691446.0	2703386.0	6902696.0	39764599.0
	12.0	13.0	14.0	15.0	16.0	17.0	18.0	19.0	20.0	21.0	22.0	23.0	24.0	25.0	26.0	27.0	28.0	29.0	30.0	31.0	32.0	33.0	34.0	35.0	36.0	37.0	38.0	39.0	40.0
PDAC218T_F8-9_R2_fastq	18.0	197.0	1622.0	6396.0	17242.0	40062.0	69603.0	94242.0	110818.0	123770.0	137967.0	153116.0	173943.0	196122.0	223852.0	255729.0	293599.0	340941.0	398516.0	469868.0	560101.0	676453.0	838179.0	1071975.0	1440391.0	2194919.0	3983044.0	9649508.0	32368309.0
	13.0	14.0	15.0	16.0	17.0	18.0	19.0	20.0	21.0	22.0	23.0	24.0	25.0	26.0	27.0	28.0	29.0	30.0	31.0	32.0	33.0	34.0	35.0	36.0	37.0	38.0	39.0	40.0
PDAC218T_R1_fastq	1.0	5.0	3.0	10.0	54.0	211.0	600.0	1445.0	3461.0	8001.0	18544.0	39735.0	77876.0	140724.0	233499.0	359160.0	524952.0	721093.0	951189.0	1213696.0	1507557.0	1860535.0	2297169.0	2908458.0	3909133.0	6025927.0	14052276.0	71713075.0
	12.0	13.0	14.0	15.0	16.0	17.0	18.0	19.0	20.0	21.0	22.0	23.0	24.0	25.0	26.0	27.0	28.0	29.0	30.0	31.0	32.0	33.0	34.0	35.0	36.0	37.0	38.0	39.0	40.0
PDAC218T_R2_fastq	44.0	641.0	4875.0	19510.0	56492.0	123512.0	197484.0	256622.0	298950.0	339659.0	381414.0	432022.0	487222.0	550232.0	623034.0	707381.0	813599.0	946479.0	1110238.0	1300621.0	1509810.0	1752049.0	2083028.0	2586022.0	3398511.0	5194122.0	8468449.0	19210813.0	55715554.0
	14.0	15.0	16.0	17.0	18.0	19.0	20.0	21.0	22.0	23.0	24.0	25.0	26.0	27.0	28.0	29.0	30.0	31.0	32.0	33.0	34.0	35.0	36.0	37.0	38.0	39.0	40.0
PDAC219T_F8-9_R1_fastq	2.0	2.0	1.0	12.0	48.0	86.0	219.0	604.0	1569.0	3732.0	8728.0	17786.0	32093.0	54499.0	87487.0	130239.0	187513.0	256612.0	341232.0	445212.0	571794.0	735541.0	962373.0	1337130.0	2133757.0	5265415.0	28983673.0
	12.0	13.0	14.0	15.0	16.0	17.0	18.0	19.0	20.0	21.0	22.0	23.0	24.0	25.0	26.0	27.0	28.0	29.0	30.0	31.0	32.0	33.0	34.0	35.0	36.0	37.0	38.0	39.0	40.0
PDAC219T_F8-9_R2_fastq	24.0	801.0	5435.0	15748.0	33110.0	62607.0	93428.0	112514.0	121579.0	126673.0	133715.0	146414.0	161049.0	180304.0	203966.0	231337.0	265798.0	308265.0	358715.0	422772.0	499496.0	598505.0	738040.0	941971.0	1280678.0	2098674.0	4005199.0	8554203.0	19856339.0
	14.0	15.0	16.0	17.0	18.0	19.0	20.0	21.0	22.0	23.0	24.0	25.0	26.0	27.0	28.0	29.0	30.0	31.0	32.0	33.0	34.0	35.0	36.0	37.0	38.0	39.0	40.0
PDAC219T_R1_fastq	3.0	8.0	11.0	35.0	85.0	253.0	579.0	1623.0	4681.0	12552.0	29032.0	59794.0	110494.0	185504.0	287585.0	422911.0	587480.0	779265.0	999725.0	1254414.0	1555632.0	1932959.0	2454389.0	3274732.0	4916629.0	10784758.0	77155507.0
	11.0	12.0	13.0	14.0	15.0	16.0	17.0	18.0	19.0	20.0	21.0	22.0	23.0	24.0	25.0	26.0	27.0	28.0	29.0	30.0	31.0	32.0	33.0	34.0	35.0	36.0	37.0	38.0	39.0	40.0
PDAC219T_R2_fastq	1.0	34.0	783.0	4888.0	14834.0	35953.0	73943.0	118270.0	154720.0	183388.0	211239.0	242493.0	280258.0	324523.0	375233.0	436610.0	505721.0	588832.0	691727.0	817083.0	977951.0	1168510.0	1402602.0	1717123.0	2170589.0	2872775.0	4438803.0	7089516.0	15641434.0	64270804.0
	14.0	15.0	16.0	17.0	18.0	19.0	20.0	21.0	22.0	23.0	24.0	25.0	26.0	27.0	28.0	29.0	30.0	31.0	32.0	33.0	34.0	35.0	36.0	37.0	38.0	39.0	40.0
PDAC220T_F8-9_R1_fastq	4.0	4.0	8.0	16.0	39.0	107.0	264.0	744.0	1873.0	4669.0	11039.0	23347.0	44000.0	76665.0	123923.0	188338.0	270710.0	369074.0	491690.0	635978.0	811293.0	1037682.0	1351036.0	1857239.0	2928107.0	7268830.0	45836284.0
	12.0	13.0	14.0	15.0	16.0	17.0	18.0	19.0	20.0	21.0	22.0	23.0	24.0	25.0	26.0	27.0	28.0	29.0	30.0	31.0	32.0	33.0	34.0	35.0	36.0	37.0	38.0	39.0	40.0
PDAC220T_F8-9_R2_fastq	31.0	1238.0	9596.0	24929.0	35187.0	51027.0	74046.0	93844.0	103436.0	112017.0	123022.0	138743.0	157486.0	179170.0	207861.0	240331.0	281159.0	331563.0	393137.0	471151.0	568826.0	697240.0	877833.0	1145604.0	1612726.0	3113148.0	6787048.0	10079362.0	35422202.0
	14.0	15.0	16.0	17.0	18.0	19.0	20.0	21.0	22.0	23.0	24.0	25.0	26.0	27.0	28.0	29.0	30.0	31.0	32.0	33.0	34.0	35.0	36.0	37.0	38.0	39.0	40.0
PDAC220T_R1_fastq	3.0	5.0	15.0	23.0	64.0	185.0	544.0	1611.0	4684.0	12204.0	28468.0	58346.0	107970.0	181880.0	283883.0	414752.0	573629.0	759904.0	972858.0	1213601.0	1500162.0	1860624.0	2357469.0	3132758.0	4685711.0	10310145.0	71516561.0
	11.0	12.0	13.0	14.0	15.0	16.0	17.0	18.0	19.0	20.0	21.0	22.0	23.0	24.0	25.0	26.0	27.0	28.0	29.0	30.0	31.0	32.0	33.0	34.0	35.0	36.0	37.0	38.0	39.0	40.0
PDAC220T_R2_fastq	1.0	36.0	667.0	3574.0	10555.0	28083.0	62087.0	105001.0	145180.0	179456.0	212548.0	250212.0	293139.0	340780.0	396499.0	459390.0	532253.0	618398.0	723957.0	850034.0	1005630.0	1195301.0	1429852.0	1739836.0	2187521.0	2888536.0	4424819.0	6926866.0	16350614.0	56617234.0
	15.0	16.0	17.0	18.0	19.0	20.0	21.0	22.0	23.0	24.0	25.0	26.0	27.0	28.0	29.0	30.0	31.0	32.0	33.0	34.0	35.0	36.0	37.0	38.0	39.0	40.0
PDAC221T_F8-9_R1_fastq	2.0	5.0	9.0	31.0	81.0	237.0	604.0	1521.0	3685.0	8428.0	17231.0	32355.0	55414.0	88665.0	134127.0	191933.0	264012.0	346487.0	448212.0	572393.0	729720.0	951266.0	1311244.0	2078826.0	5214214.0	31254918.0
	12.0	13.0	14.0	15.0	16.0	17.0	18.0	19.0	20.0	21.0	22.0	23.0	24.0	25.0	26.0	27.0	28.0	29.0	30.0	31.0	32.0	33.0	34.0	35.0	36.0	37.0	38.0	39.0	40.0
PDAC221T_F8-9_R2_fastq	47.0	1172.0	7800.0	17272.0	23557.0	36132.0	56367.0	74455.0	84232.0	91168.0	100395.0	111729.0	125698.0	142893.0	163193.0	188091.0	218602.0	257046.0	302806.0	358516.0	428805.0	518166.0	639035.0	827194.0	1153621.0	2200722.0	4927975.0	7096566.0	23552365.0
	14.0	15.0	16.0	17.0	18.0	19.0	20.0	21.0	22.0	23.0	24.0	25.0	26.0	27.0	28.0	29.0	30.0	31.0	32.0	33.0	34.0	35.0	36.0	37.0	38.0	39.0	40.0
PDAC221T_R1_fastq	4.0	4.0	14.0	50.0	92.0	220.0	543.0	1564.0	4241.0	10726.0	25087.0	51502.0	97461.0	166178.0	260426.0	383061.0	534008.0	710448.0	912324.0	1146142.0	1423045.0	1770308.0	2243304.0	2994393.0	4506634.0	10058814.0	63564944.0
	11.0	12.0	13.0	14.0	15.0	16.0	17.0	18.0	19.0	20.0	21.0	22.0	23.0	24.0	25.0	26.0	27.0	28.0	29.0	30.0	31.0	32.0	33.0	34.0	35.0	36.0	37.0	38.0	39.0	40.0
PDAC221T_R2_fastq	1.0	86.0	2027.0	8749.0	18867.0	48679.0	112113.0	188688.0	253025.0	306296.0	357445.0	410222.0	469349.0	530942.0	599322.0	678725.0	767807.0	870229.0	994840.0	1146916.0	1330396.0	1542310.0	1792595.0	2117586.0	2592122.0	3394693.0	5414957.0	7980375.0	18258045.0	38678130.0
	13.0	14.0	15.0	16.0	17.0	18.0	19.0	20.0	21.0	22.0	23.0	24.0	25.0	26.0	27.0	28.0	29.0	30.0	31.0	32.0	33.0	34.0	35.0	36.0	37.0	38.0	39.0	40.0
PDAC222T_F8_9_R1	1.0	0.0	1.0	5.0	16.0	67.0	182.0	411.0	1001.0	2321.0	5267.0	11548.0	23634.0	43296.0	73199.0	113510.0	164701.0	226679.0	295537.0	373004.0	460134.0	562911.0	689232.0	861615.0	1139932.0	1708985.0	3890936.0	36564901.0
	12.0	13.0	14.0	15.0	16.0	17.0	18.0	19.0	20.0	21.0	22.0	23.0	24.0	25.0	26.0	27.0	28.0	29.0	30.0	31.0	32.0	33.0	34.0	35.0	36.0	37.0	38.0	39.0	40.0
PDAC222T_F8_9_R2	29.0	315.0	1488.0	4172.0	9615.0	18918.0	29767.0	38977.0	48471.0	58071.0	69917.0	82576.0	97155.0	113827.0	132963.0	156916.0	185146.0	223237.0	278955.0	354086.0	434168.0	495235.0	572522.0	711357.0	930547.0	1335770.0	2197733.0	5806131.0	32824962.0
	14.0	15.0	16.0	17.0	18.0	19.0	20.0	21.0	22.0	23.0	24.0	25.0	26.0	27.0	28.0	29.0	30.0	31.0	32.0	33.0	34.0	35.0	36.0	37.0	38.0	39.0	40.0
PDAC222T_R1	1.0	0.0	4.0	14.0	59.0	185.0	557.0	1582.0	4172.0	10303.0	23907.0	49174.0	92517.0	157084.0	248257.0	360883.0	498204.0	655529.0	830244.0	1030980.0	1258223.0	1531743.0	1901410.0	2481666.0	3672435.0	8110199.0	74791034.0
	12.0	13.0	14.0	15.0	16.0	17.0	18.0	19.0	20.0	21.0	22.0	23.0	24.0	25.0	26.0	27.0	28.0	29.0	30.0	31.0	32.0	33.0	34.0	35.0	36.0	37.0	38.0	39.0	40.0
PDAC222T_R2	27.0	537.0	2719.0	8346.0	24203.0	51427.0	81201.0	105259.0	125209.0	146748.0	169740.0	196705.0	227775.0	262306.0	303445.0	350207.0	409041.0	484544.0	588252.0	721245.0	860783.0	998970.0	1199373.0	1513901.0	2004568.0	2850266.0	4738524.0	12726967.0	66558078.0
	15.0	16.0	17.0	18.0	19.0	20.0	21.0	22.0	23.0	24.0	25.0	26.0	27.0	28.0	29.0	30.0	31.0	32.0	33.0	34.0	35.0	36.0	37.0	38.0	39.0	40.0
PDAC223T_F8-9_R1_fastq	1.0	7.0	14.0	27.0	93.0	216.0	593.0	1572.0	4068.0	9149.0	19237.0	36391.0	63793.0	104063.0	159219.0	229245.0	317806.0	424321.0	552694.0	710016.0	909754.0	1191037.0	1646243.0	2619103.0	6505878.0	39043663.0
	12.0	13.0	14.0	15.0	16.0	17.0	18.0	19.0	20.0	21.0	22.0	23.0	24.0	25.0	26.0	27.0	28.0	29.0	30.0	31.0	32.0	33.0	34.0	35.0	36.0	37.0	38.0	39.0	40.0
PDAC223T_F8-9_R2_fastq	43.0	999.0	5626.0	10977.0	17860.0	35466.0	60870.0	82020.0	96832.0	108964.0	122185.0	138564.0	158133.0	180169.0	207182.0	238312.0	276491.0	321931.0	378111.0	448764.0	540764.0	659330.0	822367.0	1060024.0	1448105.0	2358590.0	4419910.0	9489879.0	30859735.0
	13.0	14.0	15.0	16.0	17.0	18.0	19.0	20.0	21.0	22.0	23.0	24.0	25.0	26.0	27.0	28.0	29.0	30.0	31.0	32.0	33.0	34.0	35.0	36.0	37.0	38.0	39.0	40.0
PDAC223T_R1_fastq	2.0	5.0	4.0	12.0	35.0	81.0	190.0	497.0	1456.0	3884.0	9489.0	21332.0	42695.0	78226.0	132174.0	211959.0	317369.0	455879.0	627171.0	830859.0	1081451.0	1384145.0	1774301.0	2317415.0	3198691.0	5088553.0	12878200.0	73546012.0
	12.0	13.0	14.0	15.0	16.0	17.0	18.0	19.0	20.0	21.0	22.0	23.0	24.0	25.0	26.0	27.0	28.0	29.0	30.0	31.0	32.0	33.0	34.0	35.0	36.0	37.0	38.0	39.0	40.0
PDAC223T_R2_fastq	28.0	608.0	4437.0	13896.0	34614.0	80766.0	141889.0	191064.0	223259.0	249733.0	279275.0	314540.0	355605.0	402670.0	460790.0	527776.0	609324.0	706305.0	826138.0	969912.0	1148015.0	1375611.0	1680075.0	2123999.0	2835086.0	4279651.0	7627497.0	18134049.0	58405475.0
	13.0	14.0	15.0	16.0	17.0	18.0	19.0	20.0	21.0	22.0	23.0	24.0	25.0	26.0	27.0	28.0	29.0	30.0	31.0	32.0	33.0	34.0	35.0	36.0	37.0	38.0	39.0	40.0
PDAC224T_F8-9_R1_fastq	3.0	4.0	2.0	10.0	19.0	62.0	109.0	250.0	786.0	2209.0	5721.0	13365.0	28318.0	53564.0	92731.0	147345.0	218684.0	306310.0	407729.0	524532.0	658531.0	819144.0	1017483.0	1291253.0	1727483.0	2604289.0	5732844.0	41839968.0
	12.0	13.0	14.0	15.0	16.0	17.0	18.0	19.0	20.0	21.0	22.0	23.0	24.0	25.0	26.0	27.0	28.0	29.0	30.0	31.0	32.0	33.0	34.0	35.0	36.0	37.0	38.0	39.0	40.0
PDAC224T_F8-9_R2_fastq	23.0	414.0	2713.0	7573.0	16635.0	33233.0	53122.0	72797.0	88822.0	104617.0	122554.0	142382.0	166478.0	192143.0	223836.0	259355.0	301607.0	353878.0	419688.0	498856.0	597708.0	722499.0	895883.0	1140243.0	1522583.0	2437804.0	3863427.0	8517295.0	34734580.0
	12.0	13.0	14.0	15.0	16.0	17.0	18.0	19.0	20.0	21.0	22.0	23.0	24.0	25.0	26.0	27.0	28.0	29.0	30.0	31.0	32.0	33.0	34.0	35.0	36.0	37.0	38.0	39.0	40.0
PDAC224T_R1_fastq	2.0	0.0	1.0	6.0	9.0	30.0	66.0	200.0	508.0	1444.0	3896.0	10154.0	24078.0	49712.0	94252.0	162334.0	257508.0	382223.0	536902.0	719395.0	929259.0	1171342.0	1460997.0	1817140.0	2314323.0	3102095.0	4688867.0	10561782.0	65538584.0
	10.0	11.0	12.0	13.0	14.0	15.0	16.0	17.0	18.0	19.0	20.0	21.0	22.0	23.0	24.0	25.0	26.0	27.0	28.0	29.0	30.0	31.0	32.0	33.0	34.0	35.0	36.0	37.0	38.0	39.0	40.0
PDAC224T_R2_fastq	1.0	0.0	29.0	489.0	3654.0	14654.0	43232.0	93690.0	149331.0	192630.0	225507.0	253897.0	287416.0	326969.0	369899.0	421196.0	480019.0	548274.0	630609.0	734234.0	864186.0	1023292.0	1204556.0	1421999.0	1710400.0	2133303.0	2824571.0	4467842.0	7159400.0	15934318.0	50307512.0
	14.0	15.0	16.0	17.0	18.0	19.0	20.0	21.0	22.0	23.0	24.0	25.0	26.0	27.0	28.0	29.0	30.0	31.0	32.0	33.0	34.0	35.0	36.0	37.0	38.0	39.0	40.0
PDAC225T_F8-9_R1_fastq	1.0	2.0	8.0	16.0	34.0	84.0	264.0	756.0	2121.0	5302.0	12564.0	26027.0	48836.0	83319.0	131488.0	194019.0	269706.0	359686.0	462089.0	578890.0	716915.0	890563.0	1130603.0	1511897.0	2277452.0	4996493.0	36760106.0
	11.0	12.0	13.0	14.0	15.0	16.0	17.0	18.0	19.0	20.0	21.0	22.0	23.0	24.0	25.0	26.0	27.0	28.0	29.0	30.0	31.0	32.0	33.0	34.0	35.0	36.0	37.0	38.0	39.0	40.0
PDAC225T_F8-9_R2_fastq	1.0	22.0	349.0	2637.0	7791.0	15780.0	28839.0	43771.0	57582.0	69359.0	81402.0	94423.0	110697.0	130073.0	152356.0	178310.0	208534.0	245391.0	289160.0	344152.0	412979.0	498597.0	609265.0	758603.0	976696.0	1321847.0	2177999.0	3464959.0	7432566.0	30745101.0
	13.0	14.0	15.0	16.0	17.0	18.0	19.0	20.0	21.0	22.0	23.0	24.0	25.0	26.0	27.0	28.0	29.0	30.0	31.0	32.0	33.0	34.0	35.0	36.0	37.0	38.0	39.0	40.0
PDAC225T_R1_fastq	3.0	2.0	6.0	13.0	30.0	75.0	187.0	495.0	1519.0	4193.0	11029.0	25313.0	51804.0	96881.0	164695.0	259506.0	381742.0	534140.0	714676.0	923801.0	1165047.0	1447487.0	1805345.0	2290923.0	3062812.0	4593129.0	10217407.0	66772892.0
	12.0	13.0	14.0	15.0	16.0	17.0	18.0	19.0	20.0	21.0	22.0	23.0	24.0	25.0	26.0	27.0	28.0	29.0	30.0	31.0	32.0	33.0	34.0	35.0	36.0	37.0	38.0	39.0	40.0
PDAC225T_R2_fastq	44.0	481.0	2829.0	10979.0	34815.0	80264.0	134639.0	180063.0	216272.0	250362.0	287760.0	329182.0	377234.0	432235.0	491980.0	565033.0	647377.0	750532.0	875380.0	1033724.0	1216322.0	1435962.0	1725313.0	2142726.0	2788454.0	4058688.0	6442026.0	15286175.0	52728301.0
	15.0	16.0	17.0	18.0	19.0	20.0	21.0	22.0	23.0	24.0	25.0	26.0	27.0	28.0	29.0	30.0	31.0	32.0	33.0	34.0	35.0	36.0	37.0	38.0	39.0	40.0
PDAC226T_F8-9_R1_fastq	7.0	11.0	21.0	63.0	172.0	454.0	1218.0	3320.0	8489.0	20491.0	42559.0	79251.0	135411.0	211078.0	308548.0	426534.0	564320.0	723401.0	906294.0	1128055.0	1416339.0	1844888.0	2552002.0	4139887.0	10085486.0	61169023.0
	11.0	12.0	13.0	14.0	15.0	16.0	17.0	18.0	19.0	20.0	21.0	22.0	23.0	24.0	25.0	26.0	27.0	28.0	29.0	30.0	31.0	32.0	33.0	34.0	35.0	36.0	37.0	38.0	39.0	40.0
PDAC226T_F8-9_R2_fastq	1.0	110.0	2420.0	11353.0	24463.0	46970.0	89210.0	135545.0	170637.0	191428.0	205747.0	223439.0	245452.0	271588.0	301880.0	339443.0	383206.0	434195.0	497504.0	577060.0	679564.0	805264.0	970097.0	1198559.0	1538300.0	2118345.0	3987961.0	7192285.0	11852039.0	51273257.0
	13.0	14.0	15.0	16.0	17.0	18.0	19.0	20.0	21.0	22.0	23.0	24.0	25.0	26.0	27.0	28.0	29.0	30.0	31.0	32.0	33.0	34.0	35.0	36.0	37.0	38.0	39.0	40.0
PDAC226T_R1_fastq	1.0	1.0	6.0	15.0	38.0	84.0	211.0	595.0	1794.0	5044.0	13358.0	30711.0	63300.0	117891.0	198717.0	311458.0	456315.0	633165.0	841882.0	1079191.0	1351730.0	1676233.0	2080616.0	2637559.0	3516468.0	5267405.0	11539549.0	80628260.0
	10.0	11.0	12.0	13.0	14.0	15.0	16.0	17.0	18.0	19.0	20.0	21.0	22.0	23.0	24.0	25.0	26.0	27.0	28.0	29.0	30.0	31.0	32.0	33.0	34.0	35.0	36.0	37.0	38.0	39.0	40.0
PDAC226T_R2_fastq	1.0	1.0	75.0	1726.0	7480.0	16107.0	34545.0	74317.0	124964.0	175319.0	222347.0	268494.0	320510.0	377132.0	442345.0	513160.0	595803.0	689668.0	798400.0	930542.0	1093176.0	1296427.0	1535133.0	1831159.0	2216162.0	2765229.0	3649959.0	5856091.0	8381288.0	19905970.0	58328067.0
	14.0	15.0	16.0	17.0	18.0	19.0	20.0	21.0	22.0	23.0	24.0	25.0	26.0	27.0	28.0	29.0	30.0	31.0	32.0	33.0	34.0	35.0	36.0	37.0	38.0	39.0	40.0
PDAC227T_F8-9_R1_fastq	1.0	1.0	3.0	10.0	48.0	136.0	344.0	915.0	2168.0	5060.0	10943.0	21484.0	38821.0	64515.0	100659.0	148943.0	209016.0	281150.0	368787.0	473460.0	602737.0	774289.0	1023707.0	1446686.0	2362794.0	5866676.0	36089334.0
	12.0	13.0	14.0	15.0	16.0	17.0	18.0	19.0	20.0	21.0	22.0	23.0	24.0	25.0	26.0	27.0	28.0	29.0	30.0	31.0	32.0	33.0	34.0	35.0	36.0	37.0	38.0	39.0	40.0
PDAC227T_F8-9_R2_fastq	25.0	419.0	2756.0	8579.0	17198.0	27341.0	39337.0	48689.0	56120.0	63020.0	71169.0	82288.0	95975.0	111490.0	131454.0	155924.0	186511.0	225176.0	273162.0	330560.0	410251.0	517945.0	672647.0	916965.0	1319462.0	2414180.0	4014950.0	9245804.0	28453290.0
	12.0	13.0	14.0	15.0	16.0	17.0	18.0	19.0	20.0	21.0	22.0	23.0	24.0	25.0	26.0	27.0	28.0	29.0	30.0	31.0	32.0	33.0	34.0	35.0	36.0	37.0	38.0	39.0	40.0
PDAC227T_R1_fastq	1.0	1.0	3.0	8.0	20.0	52.0	125.0	350.0	868.0	2167.0	5180.0	11624.0	23604.0	45245.0	79567.0	130327.0	198487.0	291081.0	403689.0	542437.0	707166.0	904748.0	1155243.0	1480968.0	1968072.0	2803269.0	4626320.0	11532545.0	56044381.0
	12.0	13.0	14.0	15.0	16.0	17.0	18.0	19.0	20.0	21.0	22.0	23.0	24.0	25.0	26.0	27.0	28.0	29.0	30.0	31.0	32.0	33.0	34.0	35.0	36.0	37.0	38.0	39.0	40.0
PDAC227T_R2_fastq	62.0	718.0	4733.0	15921.0	38713.0	75288.0	113506.0	140654.0	159357.0	176921.0	199088.0	224674.0	257241.0	296044.0	343111.0	401307.0	470448.0	557524.0	663760.0	794925.0	957855.0	1178524.0	1496855.0	1973220.0	2746611.0	4470550.0	7377918.0	16539691.0	41282329.0

