Sample	0.0	1.0	2.0	3.0	4.0	5.0	6.0	7.0	8.0	9.0	10.0	11.0	12.0	13.0	14.0	15.0	16.0	17.0	18.0	19.0	20.0	21.0	22.0	23.0	24.0	25.0	26.0	27.0	28.0	29.0	30.0	31.0	32.0	33.0	34.0	35.0	36.0	37.0	38.0	39.0	40.0
PDAC200T_F8-9kf1_R1	83.0	355.0	2130.0	46113.0	897.0	277.0	312.0	138.0	145.0	148.0	141.0	176.0	263.0	330.0	574.0	1582.0	1954.0	1257.0	1522.0	1980.0	2793.0	3916.0	7331.0	13761.0	26671.0	48808.0	82808.0	128900.0	191216.0	269952.0	361975.0	468517.0	586944.0	719342.0	916450.0	1362339.0	2083366.0	1615617.0	2384433.0	5053658.0	45280791.0
PDAC200T_F8-9kf1_R2	74.0	185.0	695.0	13100.0	34296.0	1472.0	622.0	462.0	567.0	697.0	629.0	828.0	2111.0	2510.0	6041.0	11539.0	23009.0	41246.0	59213.0	73637.0	84377.0	94328.0	108201.0	124421.0	142850.0	164420.0	190388.0	215404.0	253079.0	301975.0	363087.0	436379.0	522235.0	648133.0	847759.0	1271143.0	1839711.0	1843373.0	3002365.0	7318901.0	41624503.0
PDAC200Tkf1_R1	68.0	501.0	2972.0	70222.0	1075.0	352.0	234.0	156.0	198.0	149.0	177.0	190.0	159.0	143.0	219.0	557.0	690.0	515.0	688.0	961.0	1510.0	2796.0	6348.0	13591.0	27922.0	53005.0	92956.0	148245.0	226351.0	323705.0	442216.0	584804.0	744392.0	928926.0	1184855.0	1700399.0	2710744.0	2164299.0	3147559.0	6369861.0	61570875.0
PDAC200Tkf1_R2	31.0	356.0	934.0	20867.0	50372.0	1873.0	547.0	228.0	253.0	355.0	370.0	527.0	2000.0	1797.0	4476.0	11707.0	32968.0	66772.0	102057.0	129179.0	148381.0	167724.0	190550.0	214697.0	245614.0	280034.0	320214.0	365169.0	421510.0	491029.0	580255.0	694497.0	826718.0	999928.0	1292382.0	1905713.0	2871503.0	2642366.0	4090963.0	9476920.0	53871749.0
PDAC201T_F8-9kf1_R1	1040.0	9098.0	62554.0	1832072.0	29596.0	6711.0	4316.0	4682.0	5468.0	3464.0	3827.0	4453.0	3489.0	1886.0	961.0	2305.0	3262.0	2248.0	2839.0	3183.0	4048.0	4620.0	7840.0	13115.0	23221.0	41223.0	70652.0	111107.0	172718.0	253038.0	353921.0	475030.0	622078.0	794244.0	1041276.0	1529250.0	2318401.0	2131705.0	3327359.0	7491523.0	48324035.0
PDAC201T_F8-9kf1_R2	1855.0	6462.0	22476.0	277690.0	1543095.0	73076.0	13424.0	1947.0	1317.0	1585.0	1571.0	1966.0	2589.0	5227.0	9942.0	15421.0	24373.0	41040.0	60436.0	80488.0	97275.0	110663.0	128951.0	149005.0	174141.0	203774.0	236924.0	268412.0	321324.0	386944.0	465701.0	560470.0	672389.0	815599.0	1054012.0	1577697.0	2270449.0	2207311.0	3616674.0	8808577.0	44785586.0
PDAC201Tkf1_R1	1625.0	8491.0	53042.0	1308883.0	18603.0	5708.0	3100.0	1093.0	2166.0	2564.0	2797.0	1663.0	1056.0	704.0	555.0	1519.0	2344.0	1742.0	2235.0	3078.0	4272.0	6514.0	13532.0	27717.0	54277.0	102303.0	177766.0	285327.0	433471.0	623873.0	852626.0	1121260.0	1426549.0	1771541.0	2258411.0	3187077.0	4724478.0	4263432.0	6427516.0	14076011.0	99881403.0
PDAC201Tkf1_R2	4424.0	4915.0	22095.0	390226.0	921010.0	32113.0	8745.0	1744.0	1173.0	1248.0	1292.0	1576.0	2559.0	4679.0	10162.0	21495.0	48785.0	95744.0	148229.0	198181.0	244691.0	289018.0	343715.0	404256.0	472409.0	551416.0	643793.0	744938.0	884551.0	1053975.0	1264873.0	1510148.0	1765647.0	2080097.0	2602924.0	3707686.0	5183033.0	5315701.0	8604367.0	20973372.0	82581319.0
PDAC202T_F8-9kf1_R1	38.0	209.0	1327.0	28166.0	708.0	144.0	173.0	79.0	77.0	55.0	92.0	48.0	69.0	76.0	112.0	299.0	400.0	319.0	408.0	549.0	830.0	1313.0	2954.0	6247.0	12637.0	25134.0	46245.0	76546.0	118961.0	172949.0	239819.0	318000.0	405695.0	504646.0	650746.0	949929.0	1558201.0	1181569.0	1732977.0	3583617.0	35776252.0
PDAC202T_F8-9kf1_R2	20.0	140.0	393.0	8387.0	20385.0	802.0	272.0	147.0	169.0	224.0	262.0	350.0	1319.0	1353.0	3413.0	9103.0	24271.0	49190.0	73349.0	89410.0	100834.0	112104.0	123039.0	138138.0	154317.0	172806.0	195560.0	219608.0	249532.0	287550.0	335800.0	394765.0	472101.0	577879.0	753149.0	1124243.0	1667487.0	1525662.0	2410491.0	5712359.0	30388232.0
PDAC202Tkf1_R1	495.0	3523.0	21169.0	522551.0	7218.0	1815.0	763.0	2044.0	1457.0	1634.0	827.0	1519.0	1065.0	966.0	387.0	684.0	824.0	760.0	867.0	1259.0	1880.0	3259.0	7171.0	15456.0	31615.0	62453.0	113139.0	186884.0	289473.0	420549.0	580008.0	768093.0	982366.0	1225180.0	1568363.0	2263978.0	3580480.0	2879448.0	4220762.0	8720530.0	81720322.0
PDAC202Tkf1_R2	270.0	3031.0	8875.0	197968.0	328947.0	12599.0	3878.0	1043.0	995.0	1006.0	930.0	1033.0	3252.0	3864.0	9929.0	26914.0	73746.0	153249.0	226881.0	275482.0	304358.0	330538.0	359677.0	396291.0	439678.0	489040.0	547139.0	611936.0	692291.0	793702.0	926443.0	1091722.0	1289356.0	1539422.0	1948900.0	2805581.0	3976816.0	3884010.0	6091510.0	14404909.0	65956025.0
PDAC203T_F8-9kf1_R1	1658.0	17430.0	116841.0	3545273.0	47770.0	11217.0	5089.0	5767.0	8431.0	5975.0	7525.0	7995.0	5861.0	2961.0	1536.0	3595.0	5157.0	3382.0	4012.0	4633.0	5802.0	6822.0	11785.0	18996.0	32498.0	57864.0	97684.0	152541.0	235410.0	341738.0	474249.0	635312.0	827153.0	1047439.0	1367441.0	1974356.0	2902168.0	2804963.0	4364821.0	9816209.0	61770425.0
PDAC203T_F8-9kf1_R2	2982.0	11861.0	44657.0	587133.0	2918180.0	139758.0	26421.0	3309.0	2272.0	2542.0	2584.0	3253.0	4498.0	9067.0	16799.0	24845.0	35896.0	60054.0	90141.0	122048.0	149012.0	170525.0	198758.0	231167.0	267789.0	312076.0	362538.0	408722.0	488708.0	584166.0	701856.0	841214.0	1002043.0	1215115.0	1570134.0	2418100.0	3111164.0	3190815.0	5239596.0	12732824.0	53453162.0
PDAC203Tkf1_R1	334.0	3601.0	21362.0	370939.0	6372.0	1566.0	842.0	792.0	1132.0	1093.0	1263.0	1187.0	912.0	540.0	638.0	1707.0	3549.0	2324.0	3184.0	5080.0	7622.0	8852.0	15926.0	25569.0	46540.0	83288.0	137185.0	208036.0	311779.0	441980.0	598221.0	782849.0	985711.0	1211717.0	1528231.0	2102986.0	3040559.0	2760510.0	3967969.0	8218860.0	56547334.0
PDAC203Tkf1_R2	274.0	3019.0	8007.0	138717.0	239366.0	9807.0	2744.0	503.0	484.0	487.0	464.0	656.0	1125.0	3427.0	9985.0	16931.0	37976.0	75267.0	117617.0	155098.0	188392.0	217293.0	255915.0	299923.0	350767.0	406453.0	465963.0	526305.0	611671.0	715995.0	842163.0	1000011.0	1196447.0	1435802.0	1793818.0	2502667.0	3300059.0	3440112.0	5428561.0	13023211.0	44636659.0
PDAC204T_F8-9kf1_R1	201.0	701.0	3968.0	86981.0	1819.0	468.0	348.0	255.0	282.0	328.0	331.0	543.0	594.0	693.0	976.0	867.0	1155.0	1438.0	1878.0	2158.0	2837.0	3676.0	6523.0	11162.0	20104.0	35295.0	59218.0	91703.0	138075.0	196276.0	265214.0	347624.0	436032.0	538525.0	690447.0	1028423.0	1615968.0	1242232.0	1875268.0	4247565.0	38182746.0
PDAC204T_F8-9kf1_R2	120.0	393.0	1111.0	18479.0	70547.0	2682.0	752.0	374.0	407.0	519.0	518.0	683.0	922.0	1597.0	3306.0	6714.0	15154.0	28850.0	42299.0	53540.0	64158.0	73359.0	85514.0	99651.0	115603.0	133456.0	155434.0	174201.0	206376.0	248406.0	302415.0	364980.0	435820.0	520823.0	664669.0	1016213.0	1512256.0	1364753.0	2227826.0	5665422.0	35460595.0
PDAC204Tkf1_R1	113.0	356.0	2136.0	46388.0	1256.0	276.0	205.0	159.0	160.0	204.0	238.0	302.0	304.0	371.0	429.0	426.0	533.0	709.0	960.0	1454.0	2225.0	3786.0	7987.0	16422.0	33246.0	63244.0	110951.0	178944.0	273074.0	392021.0	533848.0	701384.0	886869.0	1098143.0	1392269.0	1987761.0	3121681.0	2508042.0	3668568.0	7738137.0	72261774.0
PDAC204Tkf1_R2	80.0	262.0	670.0	15302.0	32431.0	1155.0	439.0	280.0	299.0	369.0	407.0	638.0	1901.0	2632.0	6737.0	16065.0	39034.0	77461.0	117525.0	148160.0	171907.0	195069.0	221933.0	252143.0	288437.0	330489.0	378559.0	429241.0	497747.0	581206.0	688780.0	831241.0	1005708.0	1213150.0	1536314.0	2250444.0	3331937.0	3084264.0	4881006.0	11926215.0	62479718.0
PDAC205T_F8-9kf1_R1	605.0	5027.0	36952.0	1191350.0	18919.0	5459.0	3705.0	1276.0	1656.0	2194.0	2213.0	1232.0	920.0	601.0	479.0	1273.0	1889.0	1539.0	1690.0	2263.0	2937.0	3598.0	6526.0	11259.0	19967.0	35728.0	61151.0	96187.0	149018.0	218348.0	304517.0	410005.0	536840.0	685238.0	905998.0	1350628.0	2056166.0	1831416.0	2871858.0	6607004.0	44649872.0
PDAC205T_F8-9kf1_R2	990.0	3948.0	15605.0	204670.0	973384.0	42061.0	8396.0	1547.0	1113.0	1276.0	1270.0	1442.0	1834.0	3575.0	6835.0	12118.0	21936.0	41101.0	63944.0	85908.0	103922.0	119766.0	138727.0	160248.0	185753.0	216797.0	250963.0	285325.0	335516.0	399234.0	475605.0	569325.0	682449.0	828888.0	1067738.0	1574628.0	2202187.0	2187550.0	3565297.0	8640911.0	38611721.0
PDAC205Tkf1_R1	540.0	5433.0	39053.0	1119244.0	17243.0	4317.0	3517.0	2432.0	2464.0	1082.0	3050.0	1570.0	1492.0	562.0	458.0	1437.0	2164.0	1607.0	2025.0	2513.0	3071.0	3990.0	7594.0	13572.0	26163.0	47936.0	82841.0	133546.0	206497.0	301744.0	424540.0	573660.0	752622.0	966036.0	1270507.0	1880055.0	2726471.0	2620555.0	4172169.0	10102581.0	59173137.0
PDAC205Tkf1_R2	431.0	3922.0	17914.0	250140.0	866307.0	36097.0	8724.0	2941.0	2260.0	2649.0	2845.0	3139.0	3714.0	5317.0	10361.0	22581.0	55571.0	122856.0	201458.0	267003.0	310662.0	345658.0	386160.0	432727.0	485539.0	542984.0	610801.0	684783.0	778012.0	894631.0	1030093.0	1193020.0	1389347.0	1647229.0	2044629.0	2799256.0	3579302.0	4082654.0	6519416.0	14691787.0	40366570.0
PDAC206T_F8-9kf1_R1	387.0	3603.0	26577.0	862460.0	13040.0	2930.0	2099.0	1867.0	1658.0	1112.0	1176.0	1380.0	932.0	523.0	253.0	964.0	1540.0	1039.0	1344.0	1477.0	1795.0	2154.0	3707.0	6232.0	10984.0	19970.0	35245.0	56693.0	89278.0	131642.0	185292.0	251636.0	331285.0	424917.0	564585.0	856692.0	1320452.0	1143252.0	1822455.0	4371254.0	29413383.0
PDAC206T_F8-9kf1_R2	351.0	3208.0	14047.0	196249.0	655117.0	28742.0	6326.0	1541.0	1027.0	1183.0	1082.0	1126.0	1432.0	2437.0	4701.0	8466.0	17392.0	34783.0	56598.0	76984.0	94801.0	109543.0	127164.0	147915.0	170636.0	195205.0	224477.0	253777.0	295181.0	343890.0	401046.0	473627.0	565149.0	682197.0	869284.0	1223148.0	1614958.0	1781864.0	2887396.0	6677735.0	21717479.0
PDAC206Tkf1_R1	1011.0	10525.0	68459.0	1168500.0	21668.0	6306.0	4648.0	6212.0	5928.0	3337.0	6233.0	3447.0	3188.0	2071.0	2933.0	8930.0	17333.0	10819.0	14866.0	22703.0	32457.0	32769.0	49083.0	64452.0	108495.0	187286.0	299011.0	431997.0	653288.0	928153.0	1268733.0	1669488.0	2104499.0	2583244.0	3262265.0	4478586.0	6417752.0	5769676.0	8353281.0	17030022.0	115704012.0
PDAC206Tkf1_R2	756.0	9140.0	18697.0	327690.0	886450.0	31469.0	7672.0	1509.0	1146.0	1550.0	1402.0	2129.0	3596.0	11051.0	32407.0	39663.0	78924.0	144056.0	218561.0	285965.0	351123.0	385434.0	455677.0	538086.0	633977.0	736892.0	839780.0	917660.0	1093611.0	1298380.0	1532891.0	1839543.0	2198272.0	2631848.0	3341349.0	4687378.0	6486634.0	6455473.0	10080847.0	22858077.0	101350901.0
PDAC207T_F8-9kf1_R1	562.0	5744.0	34852.0	609175.0	13198.0	3113.0	2570.0	2511.0	1996.0	2007.0	2337.0	2410.0	2397.0	1567.0	1368.0	3873.0	7383.0	4829.0	6988.0	11021.0	16064.0	17936.0	27970.0	39352.0	65888.0	112890.0	176013.0	251539.0	371228.0	520964.0	704276.0	918736.0	1147236.0	1395827.0	1747476.0	2349796.0	3271938.0	3063138.0	4403330.0	8842277.0	57978821.0
PDAC207T_F8-9kf1_R2	437.0	3410.0	7934.0	132876.0	492996.0	25318.0	5141.0	1448.0	1235.0	1336.0	1330.0	1877.0	3232.0	9565.0	24286.0	36775.0	70862.0	126303.0	179343.0	214511.0	243258.0	257706.0	291617.0	332591.0	382864.0	439131.0	495798.0	543624.0	639687.0	753739.0	888129.0	1054025.0	1247939.0	1483346.0	1871566.0	2704838.0	3494536.0	3517342.0	5411751.0	11962978.0	48785916.0
PDAC207Tkf1_R1	348.0	3412.0	21207.0	377221.0	6975.0	1818.0	1195.0	948.0	1259.0	1131.0	1265.0	1437.0	1118.0	600.0	626.0	1970.0	3345.0	2347.0	3429.0	5390.0	8263.0	10915.0	18987.0	32105.0	57997.0	102504.0	163241.0	240595.0	354238.0	493885.0	666194.0	870259.0	1091811.0	1339184.0	1671117.0	2239261.0	3132621.0	2982965.0	4280206.0	8619842.0	56172661.0
PDAC207Tkf1_R2	243.0	2249.0	5611.0	92955.0	292972.0	12968.0	2943.0	734.0	609.0	619.0	711.0	1066.0	1610.0	3922.0	9329.0	14748.0	31845.0	62346.0	98934.0	133180.0	165247.0	192041.0	230398.0	276018.0	329248.0	388269.0	451428.0	512271.0	605647.0	715394.0	849863.0	1020079.0	1222930.0	1455844.0	1799645.0	2473177.0	3313256.0	3385282.0	5203310.0	11730933.0	47896018.0
PDAC208T_F8-9kf1_R1	1856.0	15685.0	115184.0	4028638.0	64656.0	16979.0	13916.0	18528.0	19064.0	4181.0	13507.0	5505.0	6441.0	1665.0	1565.0	3595.0	5098.0	3525.0	4081.0	4615.0	5082.0	5290.0	8645.0	12076.0	19315.0	33579.0	55206.0	83346.0	128508.0	186687.0	259640.0	347195.0	450667.0	566982.0	738325.0	1095036.0	1659290.0	1475616.0	2322397.0	5450753.0	39452668.0
PDAC208T_F8-9kf1_R2	1425.0	13325.0	58480.0	845695.0	3169182.0	123702.0	26910.0	6336.0	3292.0	3555.0	3601.0	3105.0	3905.0	6667.0	11620.0	21463.0	31555.0	43736.0	58957.0	77763.0	95138.0	107195.0	125425.0	145090.0	170816.0	200536.0	232490.0	259808.0	310652.0	370557.0	440995.0	529224.0	638747.0	783162.0	1017529.0	1509927.0	1960587.0	2144964.0	3560472.0	8571815.0	31015184.0
PDAC208Tkf1_R1	863.0	8987.0	50556.0	892386.0	14720.0	3140.0	1251.0	3330.0	2874.0	3508.0	2594.0	3533.0	2863.0	2022.0	1234.0	3457.0	6255.0	3966.0	5969.0	9243.0	13891.0	14910.0	25104.0	35979.0	63929.0	113726.0	184323.0	272078.0	405027.0	570191.0	773014.0	1010560.0	1266227.0	1546343.0	1947647.0	2655822.0	3767461.0	3496114.0	5100368.0	10508825.0	66926092.0
PDAC208Tkf1_R2	1292.0	6941.0	19479.0	481919.0	438257.0	15311.0	5817.0	1444.0	1433.0	1329.0	1185.0	1334.0	2219.0	6513.0	16401.0	23839.0	48767.0	91241.0	139004.0	184209.0	227724.0	260237.0	308579.0	363178.0	423988.0	489784.0	556740.0	620828.0	725296.0	852009.0	1001422.0	1185890.0	1398451.0	1673631.0	2101216.0	2945900.0	3945709.0	4146729.0	6648635.0	15490150.0	54866352.0
PDAC209T_F8-9kf1_R1	373.0	522.0	2520.0	49934.0	1008.0	354.0	240.0	192.0	214.0	188.0	174.0	350.0	525.0	785.0	834.0	732.0	896.0	1036.0	1238.0	1483.0	1969.0	2914.0	5406.0	9999.0	18246.0	32523.0	54722.0	86026.0	127765.0	179061.0	239615.0	308683.0	386285.0	469903.0	594869.0	855757.0	1275859.0	1090486.0	1696608.0	4082242.0	27223150.0
PDAC209T_F8-9kf1_R2	91.0	254.0	791.0	13167.0	37929.0	1523.0	396.0	138.0	176.0	197.0	209.0	308.0	470.0	1203.0	2345.0	4021.0	8834.0	17555.0	27281.0	36494.0	45827.0	54880.0	67041.0	80268.0	95857.0	113549.0	135296.0	154504.0	183511.0	219672.0	257509.0	309508.0	373295.0	454752.0	586883.0	877699.0	1298550.0	1173560.0	1879321.0	4545986.0	25744836.0
PDAC209Tkf1_R1	132.0	520.0	2964.0	73240.0	1652.0	459.0	390.0	226.0	223.0	255.0	257.0	391.0	428.0	646.0	863.0	792.0	1254.0	1705.0	2138.0	2734.0	3765.0	4982.0	9558.0	17598.0	32248.0	58674.0	100553.0	157774.0	239030.0	339611.0	461620.0	603543.0	762777.0	937835.0	1199322.0	1741298.0	2724296.0	2174597.0	3257860.0	7303076.0	66073605.0
PDAC209Tkf1_R2	76.0	316.0	899.0	15789.0	59016.0	2304.0	712.0	343.0	403.0	489.0	509.0	750.0	1308.0	3455.0	9510.0	20526.0	46805.0	89399.0	128614.0	156363.0	174744.0	190356.0	211110.0	236198.0	266203.0	300221.0	341343.0	378164.0	438468.0	511743.0	605224.0	723197.0	853092.0	1007686.0	1275311.0	1891990.0	2869545.0	2507073.0	3958926.0	9556797.0	59459914.0
PDAC210T_F8-9kf1_R1	1251.0	10131.0	74526.0	2542140.0	37422.0	9009.0	5463.0	5464.0	6511.0	3441.0	3486.0	4533.0	3139.0	1647.0	803.0	2401.0	3356.0	2174.0	2677.0	2944.0	3206.0	3153.0	5206.0	8365.0	14385.0	25652.0	44218.0	70303.0	109345.0	158842.0	220335.0	296285.0	385674.0	491616.0	644934.0	954395.0	1450499.0	1323818.0	2097297.0	4979647.0	33706719.0
PDAC210T_F8-9kf1_R2	1068.0	8747.0	38707.0	561439.0	1943373.0	81983.0	17568.0	4112.0	2309.0	2646.0	2551.0	2350.0	2919.0	5007.0	8884.0	15081.0	22727.0	37263.0	56031.0	78731.0	97222.0	113119.0	132997.0	156269.0	183007.0	214217.0	248682.0	281074.0	327019.0	381700.0	448253.0	531192.0	632146.0	766862.0	979986.0	1405357.0	1813914.0	2038652.0	3321553.0	7804406.0	24945289.0
PDAC210Tkf1_R1	354.0	3665.0	25626.0	696080.0	9913.0	2493.0	1546.0	1524.0	1548.0	1167.0	1030.0	1330.0	1062.0	560.0	356.0	825.0	1058.0	773.0	1083.0	1447.0	1774.0	2620.0	5496.0	11332.0	22617.0	42630.0	74378.0	121222.0	184793.0	268996.0	370062.0	499044.0	652315.0	835999.0	1103487.0	1643551.0	2413304.0	2277909.0	3628881.0	8784745.0	50623242.0
PDAC210Tkf1_R2	320.0	2428.0	11239.0	156179.0	541219.0	23166.0	5792.0	2233.0	1937.0	2092.0	2161.0	2467.0	2752.0	3972.0	7247.0	18843.0	52758.0	119924.0	194798.0	254220.0	292005.0	322080.0	357893.0	397937.0	445344.0	499230.0	562327.0	631063.0	713140.0	813706.0	932827.0	1077669.0	1248549.0	1474538.0	1819822.0	2462607.0	3155087.0	3583800.0	5651033.0	12607094.0	33868339.0
PDAC211T_F8-9kf1_R1	92.0	244.0	1626.0	34469.0	722.0	240.0	204.0	136.0	192.0	214.0	210.0	420.0	478.0	724.0	846.0	812.0	1215.0	1564.0	2027.0	2259.0	2949.0	3836.0	7273.0	12955.0	23917.0	43527.0	72687.0	110757.0	165988.0	232233.0	310047.0	398615.0	497278.0	604461.0	768470.0	1119271.0	1681232.0	1395990.0	2178065.0	5223346.0	37330110.0
PDAC211T_F8-9kf1_R2	48.0	121.0	422.0	7874.0	27484.0	1185.0	318.0	204.0	261.0	366.0	381.0	567.0	900.0	2322.0	5244.0	8530.0	16228.0	29370.0	42271.0	53124.0	62673.0	72316.0	85103.0	100478.0	119185.0	140193.0	165102.0	186322.0	224592.0	269371.0	322042.0	387760.0	467712.0	563510.0	726920.0	1084916.0	1632089.0	1451783.0	2322572.0	5535245.0	36114597.0
PDAC211Tkf1_R1	76.0	413.0	2227.0	46879.0	936.0	312.0	338.0	183.0	179.0	212.0	205.0	339.0	382.0	521.0	759.0	659.0	1029.0	1312.0	1661.0	2189.0	3329.0	5195.0	10486.0	20605.0	40403.0	74411.0	128621.0	203848.0	307819.0	435848.0	593905.0	779077.0	984123.0	1221301.0	1559560.0	2284346.0	3555445.0	2848695.0	4271524.0	9559317.0	83728662.0
PDAC211Tkf1_R2	39.0	243.0	710.0	12314.0	35760.0	1336.0	403.0	286.0	320.0	442.0	506.0	704.0	1130.0	3625.0	11091.0	26628.0	63569.0	121866.0	178083.0	214094.0	238242.0	259465.0	288027.0	320310.0	359963.0	405474.0	457825.0	513003.0	588279.0	683392.0	801584.0	955656.0	1137230.0	1352663.0	1711476.0	2564836.0	3732211.0	3461999.0	5549207.0	13921446.0	72701894.0
PDAC212T_F8-9kf1_R1	1183.0	10360.0	62716.0	2055103.0	35518.0	7442.0	5933.0	8787.0	5920.0	3202.0	3209.0	4177.0	4334.0	2959.0	881.0	2179.0	3299.0	2385.0	2903.0	3228.0	3948.0	4874.0	8177.0	13028.0	22055.0	36765.0	61004.0	94596.0	144789.0	210543.0	293882.0	396391.0	518298.0	661656.0	877827.0	1315331.0	1940659.0	1769603.0	2860526.0	7223574.0	41302248.0
PDAC212T_F8-9kf1_R2	872.0	8654.0	24620.0	296223.0	1721404.0	107439.0	15542.0	2597.0	1928.0	1984.0	2115.0	2220.0	2650.0	4407.0	9651.0	19214.0	32220.0	55609.0	81116.0	104105.0	117923.0	127212.0	141429.0	159013.0	179470.0	204893.0	233678.0	261617.0	306625.0	359377.0	423717.0	503642.0	602314.0	729611.0	948696.0	1456052.0	1988797.0	2009272.0	3439991.0	9549411.0	35748182.0
PDAC213T_F8-9kf1_R1	1203.0	7991.0	55425.0	2205628.0	33912.0	10970.0	14688.0	5020.0	6753.0	2206.0	5754.0	3040.0	3569.0	1235.0	931.0	2435.0	3932.0	2594.0	3078.0	3511.0	4258.0	4947.0	8280.0	13374.0	20983.0	36461.0	59702.0	92451.0	143712.0	210612.0	297653.0	406324.0	537912.0	693736.0	928914.0	1388849.0	2053764.0	1973894.0	3253565.0	8317389.0	50033149.0
PDAC213T_F8-9kf1_R2	633.0	5797.0	23599.0	250432.0	1825277.0	187929.0	21323.0	4554.0	2946.0	2984.0	3246.0	3647.0	5088.0	7432.0	13323.0	25118.0	40096.0	64174.0	92007.0	113580.0	127543.0	137077.0	152164.0	170105.0	192581.0	221914.0	256817.0	288967.0	346299.0	414703.0	490799.0	589494.0	719658.0	900517.0	1205989.0	1841428.0	2357476.0	2739973.0	4858050.0	13419383.0	38729682.0
PDAC213Tkf1_R1	1930.0	11953.0	74218.0	2715264.0	39512.0	8933.0	3502.0	12418.0	7308.0	7726.0	3157.0	6151.0	4758.0	6437.0	1115.0	2328.0	3779.0	2591.0	3380.0	4024.0	5054.0	6735.0	13126.0	23906.0	42469.0	75844.0	129242.0	202233.0	310659.0	450645.0	626658.0	842269.0	1100550.0	1406683.0	1863746.0	2760354.0	4062041.0	3930245.0	6389378.0	15649274.0	90073754.0
PDAC213Tkf1_R2	1511.0	16172.0	60500.0	1007996.0	1655011.0	80572.0	18192.0	5275.0	3962.0	3974.0	3268.0	3122.0	3988.0	8441.0	18370.0	30117.0	50709.0	89428.0	134236.0	173487.0	207202.0	241099.0	281891.0	330943.0	390460.0	460746.0	548202.0	643976.0	776746.0	937615.0	1119792.0	1336463.0	1600127.0	1967029.0	2572547.0	3794268.0	4976573.0	5831027.0	9959738.0	25485981.0	66054593.0
PDAC214T_F8-9kf1_R1	3155.0	16153.0	114813.0	4690435.0	112751.0	20901.0	9534.0	2997.0	2524.0	2564.0	2486.0	2855.0	3503.0	2636.0	2342.0	2076.0	2753.0	3526.0	4209.0	4941.0	5278.0	5618.0	9350.0	13523.0	21189.0	36448.0	59916.0	90967.0	141701.0	208637.0	295159.0	404238.0	535473.0	688731.0	920929.0	1393038.0	2104906.0	1929800.0	3175340.0	8107349.0	50279115.0
PDAC214T_F8-9kf1_R2	1568.0	13665.0	58012.0	618587.0	3847522.0	307457.0	37450.0	7857.0	4595.0	4868.0	5291.0	4835.0	5396.0	7417.0	12391.0	27493.0	46788.0	67412.0	86091.0	103143.0	112921.0	119939.0	132237.0	148501.0	171640.0	197444.0	230465.0	257739.0	313593.0	377079.0	449640.0	540953.0	662874.0	831608.0	1121028.0	1768176.0	2263518.0	2543641.0	4566614.0	13049058.0	40307353.0
PDAC214Tkf1_R1	1566.0	9961.0	69039.0	2666227.0	76706.0	11882.0	4841.0	1895.0	1691.0	1854.0	1559.0	2031.0	1552.0	1250.0	1416.0	1303.0	1611.0	2022.0	2535.0	3107.0	4013.0	5334.0	9614.0	16675.0	29430.0	51515.0	85248.0	132831.0	200953.0	292689.0	408855.0	552163.0	724770.0	933508.0	1243589.0	1859181.0	2673868.0	2643956.0	4369737.0	11235349.0	59006158.0
PDAC214Tkf1_R2	734.0	7920.0	32961.0	379502.0	2188181.0	168998.0	22644.0	5478.0	3527.0	3667.0	4159.0	4256.0	4924.0	7371.0	14180.0	28842.0	51307.0	89854.0	131758.0	165583.0	185189.0	200046.0	221504.0	249775.0	284241.0	327038.0	377433.0	429720.0	507995.0	601023.0	710477.0	847951.0	1025531.0	1272799.0	1674419.0	2482892.0	3145672.0	3803638.0	6737057.0	18087861.0	42855377.0
PDAC215T_F8-9kf1_R1	2990.0	23534.0	144778.0	4863847.0	91795.0	17878.0	7194.0	2860.0	2282.0	2253.0	2275.0	2346.0	2305.0	2605.0	2624.0	2216.0	3031.0	3765.0	4844.0	5496.0	6413.0	6573.0	10337.0	14112.0	21077.0	36926.0	60239.0	91932.0	144886.0	216176.0	305128.0	416701.0	550664.0	707079.0	935156.0	1386327.0	1945536.0	1979447.0	3200624.0	8018795.0	47167604.0
PDAC215T_F8-9kf1_R2	1724.0	21062.0	57520.0	696095.0	4030105.0	237909.0	33796.0	4165.0	2921.0	3470.0	3167.0	3739.0	5316.0	8732.0	15704.0	29454.0	40734.0	58857.0	79319.0	101413.0	112392.0	119974.0	132623.0	149201.0	170084.0	196810.0	225496.0	250070.0	301606.0	364349.0	437272.0	529579.0	648253.0	816427.0	1134978.0	1952746.0	2207038.0	2344695.0	4195089.0	12314610.0	38374156.0
PDAC215Tkf1_R1	2395.0	15968.0	110617.0	3513837.0	81663.0	14457.0	6040.0	2632.0	2192.0	2021.0	1964.0	2325.0	2526.0	2119.0	2403.0	2431.0	3168.0	4247.0	5172.0	6195.0	7977.0	10063.0	18003.0	31014.0	53551.0	93442.0	152022.0	229851.0	347659.0	497968.0	689167.0	922406.0	1196326.0	1520360.0	1987568.0	2898127.0	4150248.0	3996534.0	6380712.0	15750363.0	87821952.0
PDAC215Tkf1_R2	1404.0	15424.0	45531.0	597237.0	2849091.0	157646.0	25287.0	4210.0	3443.0	3909.0	4323.0	4454.0	5378.0	8942.0	18024.0	35306.0	65452.0	121737.0	184050.0	238297.0	273781.0	304745.0	342933.0	389086.0	445661.0	512594.0	592351.0	670285.0	795253.0	944373.0	1113523.0	1316179.0	1553991.0	1856938.0	2363527.0	3454097.0	4497255.0	4846765.0	8243857.0	22350944.0	71282402.0
PDAC216T_F8-9kf1_R1	749.0	7717.0	40672.0	924685.0	20895.0	3962.0	1579.0	954.0	807.0	823.0	762.0	820.0	665.0	609.0	704.0	660.0	954.0	1193.0	1527.0	1816.0	2523.0	3852.0	8204.0	17107.0	34423.0	63931.0	109750.0	173817.0	259290.0	360719.0	481292.0	620714.0	777397.0	964007.0	1229598.0	1701392.0	2274939.0	2609205.0	4208918.0	9372838.0	30047147.0
PDAC216T_F8-9kf1_R2	393.0	4796.0	12553.0	232771.0	699605.0	30262.0	5672.0	739.0	621.0	712.0	779.0	916.0	1281.0	2863.0	5389.0	7762.0	12844.0	23120.0	35769.0	51790.0	67874.0	85099.0	106690.0	132386.0	161538.0	195432.0	233880.0	274513.0	329915.0	395858.0	471405.0	568317.0	690124.0	848449.0	1093355.0	1564619.0	2076771.0	2298550.0	3715535.0	8762076.0	31130593.0
PDAC216Tkf1_R1	647.0	9449.0	41237.0	712408.0	15424.0	2915.0	1568.0	776.0	613.0	654.0	526.0	539.0	401.0	430.0	483.0	484.0	696.0	840.0	1107.0	1475.0	2358.0	4139.0	9163.0	19313.0	39560.0	75037.0	131692.0	212158.0	324479.0	467970.0	642698.0	849256.0	1084229.0	1359552.0	1728643.0	2435980.0	3389722.0	3291178.0	5055863.0	11794705.0	62269229.0
PDAC216Tkf1_R2	323.0	4729.0	15458.0	216216.0	513121.0	17630.0	4187.0	730.0	695.0	851.0	865.0	1053.0	1170.0	1919.0	4369.0	13367.0	38814.0	83132.0	133096.0	178680.0	216754.0	254716.0	297651.0	344169.0	398034.0	457041.0	526330.0	603891.0	701827.0	819460.0	968105.0	1152964.0	1368378.0	1640290.0	2055617.0	2918415.0	3711003.0	4191941.0	7077559.0	18962879.0	46082167.0
PDAC217T_F8-9kf1_R1	1823.0	14074.0	76252.0	2082134.0	47798.0	8174.0	3490.0	1654.0	1454.0	1432.0	1345.0	1710.0	1667.0	1402.0	1583.0	1509.0	2030.0	2562.0	3169.0	3491.0	3983.0	4571.0	7625.0	11948.0	20267.0	34608.0	57309.0	89821.0	137786.0	202793.0	284589.0	383947.0	502416.0	645337.0	847518.0	1248614.0	1833468.0	1746739.0	2817893.0	7056656.0	38094014.0
PDAC217T_F8-9kf1_R2	1159.0	10142.0	31527.0	403499.0	1643236.0	91002.0	15217.0	2427.0	1884.0	2287.0	2268.0	2262.0	2680.0	4431.0	9616.0	20870.0	34934.0	56604.0	78761.0	97665.0	110880.0	121550.0	135007.0	153286.0	174243.0	198597.0	227687.0	254922.0	299999.0	353665.0	417187.0	497037.0	598476.0	733687.0	959690.0	1462092.0	1862680.0	2077686.0	3611489.0	10246257.0	31282067.0
PDAC217Tkf1_R1	2004.0	23039.0	101010.0	1907971.0	39200.0	8561.0	3863.0	2016.0	1628.0	1442.0	1379.0	1267.0	1163.0	952.0	1056.0	966.0	1284.0	1684.0	2118.0	2535.0	3250.0	4789.0	9417.0	18308.0	35193.0	66272.0	115681.0	186073.0	285578.0	414655.0	572817.0	760255.0	980250.0	1232335.0	1578865.0	2214851.0	3121266.0	3061596.0	4724019.0	10927319.0	59375984.0
PDAC217Tkf1_R2	1400.0	11467.0	31513.0	472119.0	1470598.0	55324.0	11389.0	1608.0	1397.0	1507.0	1402.0	1484.0	2026.0	3338.0	7268.0	18508.0	39697.0	72227.0	108667.0	143844.0	172171.0	200210.0	233379.0	272864.0	316679.0	365025.0	423815.0	488245.0	573259.0	678896.0	810624.0	971235.0	1146331.0	1360514.0	1700663.0	2432289.0	3234379.0	3467042.0	5721018.0	15062230.0	49706260.0
PDAC218T_F8-9kf1_R1	453.0	4052.0	25712.0	713112.0	16023.0	2724.0	1136.0	414.0	348.0	294.0	323.0	330.0	318.0	314.0	405.0	413.0	605.0	791.0	969.0	1051.0	1470.0	1915.0	3456.0	6441.0	12464.0	23766.0	42904.0	70907.0	113406.0	170841.0	245184.0	339468.0	452169.0	589126.0	792501.0	1212493.0	1770408.0	1633774.0	2610190.0	6646841.0	38380991.0
PDAC218T_F8-9kf1_R2	232.0	2584.0	8781.0	104854.0	594209.0	38433.0	5522.0	1345.0	1142.0	1251.0	1313.0	1511.0	1770.0	2218.0	4107.0	9500.0	20891.0	43377.0	71157.0	95072.0	111790.0	124685.0	140037.0	156214.0	178187.0	201352.0	230274.0	260143.0	301023.0	351596.0	412633.0	490254.0	587552.0	718239.0	937479.0	1418336.0	1895155.0	1989874.0	3396000.0	9399200.0	31581210.0
PDAC218Tkf1_R1	1342.0	19062.0	80783.0	1448179.0	32153.0	6033.0	2735.0	1592.0	1270.0	1235.0	1135.0	1130.0	786.0	623.0	726.0	656.0	810.0	1100.0	1618.0	2174.0	3373.0	5620.0	11349.0	23092.0	45389.0	85003.0	149005.0	241981.0	369143.0	536491.0	734548.0	969813.0	1238839.0	1544840.0	1958661.0	2692991.0	3695355.0	3789665.0	5837114.0	13484919.0	69546056.0
PDAC218Tkf1_R2	706.0	9125.0	23900.0	378974.0	1103858.0	41602.0	8886.0	1533.0	1353.0	1498.0	1707.0	2248.0	2932.0	4707.0	10589.0	26669.0	64835.0	131600.0	203425.0	261906.0	304104.0	344154.0	387056.0	438131.0	494740.0	559368.0	634031.0	715398.0	826535.0	963780.0	1132197.0	1331980.0	1552495.0	1819344.0	2240651.0	3113974.0	4077937.0	4556088.0	7500158.0	18796079.0	54498136.0
PDAC219T_F8-9kf1_R1	849.0	5834.0	40667.0	1360395.0	25719.0	5095.0	2063.0	716.0	556.0	631.0	579.0	723.0	816.0	1071.0	1061.0	938.0	1286.0	1690.0	1961.0	2153.0	2446.0	2537.0	4307.0	7098.0	12160.0	21859.0	36635.0	58040.0	91466.0	134514.0	192855.0	264301.0	351476.0	458764.0	609744.0	901520.0	1296687.0	1272336.0	2028721.0	4982339.0	27372751.0
PDAC219T_F8-9kf1_R2	535.0	5059.0	16154.0	187528.0	1125238.0	76679.0	10365.0	2056.0	1603.0	1766.0	1885.0	2184.0	2575.0	4525.0	9553.0	20461.0	38186.0	67119.0	95102.0	113661.0	122776.0	127860.0	135768.0	149456.0	165388.0	185903.0	210491.0	234342.0	272767.0	318193.0	371788.0	440296.0	522528.0	635232.0	823159.0	1210655.0	1493668.0	1730358.0	3000093.0	8294280.0	19330124.0
PDAC219Tkf1_R1	933.0	9510.0	59629.0	1522905.0	39072.0	6364.0	2864.0	1331.0	1039.0	880.0	740.0	783.0	790.0	723.0	904.0	859.0	1252.0	1573.0	1924.0	2381.0	3265.0	4305.0	9118.0	18274.0	36126.0	68882.0	121420.0	196226.0	301304.0	438955.0	606466.0	806011.0	1034342.0	1297212.0	1665267.0	2369734.0	3527910.0	3161816.0	4741215.0	10346685.0	74399651.0
PDAC219Tkf1_R2	614.0	8583.0	21486.0	399211.0	1141412.0	37362.0	7999.0	1674.0	1121.0	1212.0	1173.0	1452.0	1837.0	3121.0	8110.0	18800.0	40945.0	79535.0	122479.0	158919.0	187776.0	215733.0	248489.0	287861.0	333649.0	386375.0	449651.0	514806.0	604139.0	713399.0	845649.0	1018100.0	1222320.0	1476201.0	1879945.0	2728485.0	3816428.0	3779138.0	6071435.0	15259623.0	62714393.0
PDAC220T_F8-9kf1_R1	2629.0	18730.0	129390.0	4676366.0	75127.0	17078.0	10909.0	11232.0	13127.0	7074.0	6327.0	8243.0	6549.0	3578.0	1673.0	4778.0	6871.0	4560.0	5577.0	6058.0	6355.0	6234.0	9353.0	12542.0	18674.0	31761.0	52091.0	80518.0	126885.0	189222.0	269310.0	367369.0	487249.0	627186.0	821317.0	1185529.0	1695811.0	1707363.0	2682900.0	6576786.0	41362632.0
PDAC220T_F8-9kf1_R2	1905.0	17407.0	56908.0	672366.0	3843732.0	259982.0	34303.0	4530.0	3007.0	3466.0	3381.0	3347.0	4100.0	7263.0	15203.0	29573.0	41229.0	60260.0	78481.0	98492.0	108668.0	115130.0	127739.0	145134.0	166090.0	190053.0	220011.0	242928.0	291616.0	348020.0	414204.0	497233.0	599015.0	734821.0	963719.0	1484600.0	1802298.0	2012715.0	3440864.0	9645101.0	34544069.0
PDAC220Tkf1_R1	698.0	6225.0	44757.0	1187200.0	15941.0	5289.0	2785.0	1457.0	2317.0	1729.0	1770.0	830.0	639.0	523.0	709.0	3207.0	2716.0	1355.0	1465.0	1830.0	2417.0	3588.0	7781.0	16437.0	34180.0	65591.0	117051.0	191371.0	295271.0	427899.0	589055.0	781539.0	1001350.0	1250921.0	1595879.0	2251405.0	3315929.0	3032614.0	4527080.0	9884131.0	69303128.0
PDAC220Tkf1_R2	606.0	7215.0	19380.0	377649.0	811803.0	26983.0	7085.0	2079.0	1389.0	1503.0	1352.0	1487.0	1665.0	2771.0	6021.0	13700.0	32424.0	67235.0	108834.0	148546.0	183163.0	216606.0	255316.0	299618.0	348205.0	405837.0	469405.0	540743.0	631387.0	741344.0	872661.0	1037994.0	1237862.0	1492488.0	1885307.0	2698354.0	3667151.0	3823466.0	6225108.0	15975228.0	55331089.0
PDAC221T_F8-9kf1_R1	1821.0	12708.0	91498.0	3302301.0	51043.0	12723.0	10374.0	6644.0	7269.0	2445.0	8284.0	3588.0	4410.0	1146.0	865.0	2108.0	3159.0	2069.0	2404.0	2552.0	2652.0	2939.0	4985.0	7095.0	11907.0	20965.0	35984.0	56562.0	89028.0	132344.0	188645.0	260126.0	342291.0	442720.0	585470.0	858166.0	1243347.0	1204035.0	1902797.0	4719692.0	28064459.0
PDAC221T_F8-9kf1_R2	1178.0	12379.0	39235.0	459629.0	2740187.0	171325.0	23578.0	3348.0	2153.0	2343.0	2330.0	2452.0	2946.0	5237.0	11742.0	20893.0	28114.0	41357.0	58555.0	75913.0	85655.0	91488.0	101611.0	113902.0	129226.0	147711.0	168818.0	189590.0	223740.0	265065.0	312916.0	371876.0	445862.0	541264.0	695194.0	1034102.0	1352574.0	1465608.0	2495067.0	6800871.0	22968586.0
PDAC221Tkf1_R1	1108.0	12692.0	79167.0	1945261.0	26828.0	5947.0	2531.0	2602.0	4369.0	3039.0	3682.0	3735.0	2615.0	1111.0	550.0	1184.0	1755.0	1169.0	1563.0	1855.0	2420.0	3461.0	7160.0	14463.0	29482.0	56780.0	103455.0	171149.0	265530.0	388732.0	540244.0	720253.0	926238.0	1165696.0	1488781.0	2068296.0	2930707.0	2884803.0	4333255.0	9613320.0	61048549.0
PDAC221Tkf1_R2	1310.0	13677.0	44047.0	781703.0	1154904.0	46800.0	11667.0	2430.0	1896.0	1638.0	1463.0	1510.0	1933.0	4759.0	11904.0	23493.0	54877.0	119212.0	194097.0	257795.0	311061.0	361999.0	415827.0	475399.0	537565.0	606916.0	687102.0	772601.0	877803.0	1003774.0	1157754.0	1346210.0	1562824.0	1828839.0	2223892.0	2982925.0	3762966.0	4350424.0	7237636.0	17839394.0	37791511.0
PDAC222T_F8-9kf1_R1	100.0	429.0	2158.0	46797.0	1104.0	257.0	202.0	138.0	154.0	222.0	278.0	434.0	459.0	515.0	616.0	598.0	885.0	1132.0	1262.0	1554.0	1998.0	2615.0	4875.0	8587.0	15530.0	28803.0	50142.0	80221.0	123021.0	176133.0	240200.0	314014.0	395971.0	485341.0	617136.0	896253.0	1401487.0	1112826.0	1668428.0	3794135.0	35736016.0
PDAC222T_F8-9kf1_R2	59.0	235.0	756.0	13042.0	34922.0	1347.0	360.0	160.0	213.0	283.0	304.0	482.0	622.0	1126.0	2523.0	5317.0	11340.0	20997.0	31601.0	41158.0	51101.0	60531.0	73017.0	86075.0	101437.0	119255.0	139374.0	160123.0	191618.0	233649.0	292651.0	373212.0	458829.0	527156.0	645318.0	959437.0	1421454.0	1287064.0	2125152.0	5678788.0	32060938.0
PDAC222Tkf1_R1	46.0	177.0	1102.0	22455.0	535.0	159.0	125.0	106.0	139.0	219.0	296.0	487.0	508.0	651.0	714.0	571.0	754.0	940.0	1219.0	1520.0	2241.0	3559.0	7410.0	15008.0	30246.0	57789.0	104105.0	169985.0	265179.0	381274.0	522732.0	687990.0	869520.0	1078624.0	1366784.0	1945294.0	3043444.0	2425793.0	3590804.0	7929774.0	73180088.0
PDAC222Tkf1_R2	25.0	96.0	275.0	5056.0	18125.0	735.0	242.0	130.0	207.0	258.0	292.0	517.0	686.0	1584.0	4164.0	10508.0	27127.0	54654.0	84482.0	108697.0	129295.0	150852.0	174788.0	202589.0	234498.0	270726.0	313612.0	357448.0	420350.0	501536.0	611613.0	756311.0	905428.0	1064280.0	1351470.0	2056335.0	3112364.0	2774147.0	4611381.0	12422711.0	64970772.0
PDAC223T_F8-9kf1_R1	815.0	5774.0	41801.0	1449451.0	21895.0	5180.0	3446.0	3453.0	2875.0	1784.0	1779.0	2285.0	1503.0	972.0	497.0	1522.0	2308.0	1456.0	1832.0	2054.0	2386.0	2676.0	4712.0	7844.0	13463.0	24281.0	42604.0	69464.0	110773.0	166932.0	238507.0	330311.0	440504.0	572762.0	764099.0	1132392.0	1632600.0	1574182.0	2502106.0	6187573.0	37175350.0
PDAC223T_F8-9kf1_R2	536.0	5336.0	19298.0	222961.0	1176734.0	81974.0	11411.0	1718.0	1228.0	1340.0	1500.0	1800.0	2188.0	3939.0	8860.0	14678.0	22161.0	39965.0	63260.0	84399.0	99582.0	111365.0	125662.0	142695.0	163283.0	186936.0	214977.0	242336.0	284450.0	333307.0	392644.0	467939.0	565972.0	696856.0	910696.0	1361694.0	1771546.0	1969488.0	3372480.0	9226437.0	30142572.0
PDAC223Tkf1_R1	728.0	5558.0	42579.0	1350936.0	20805.0	6147.0	4129.0	1480.0	1571.0	1995.0	1950.0	887.0	684.0	486.0	485.0	1250.0	1877.0	1493.0	1770.0	2120.0	2858.0	3969.0	7416.0	14160.0	27100.0	50388.0	88183.0	142315.0	225113.0	333331.0	475943.0	655168.0	867385.0	1130821.0	1507162.0	2266371.0	3276245.0	3094334.0	4921844.0	12438128.0	71024923.0
PDAC223Tkf1_R2	521.0	5190.0	16833.0	215419.0	1101796.0	68827.0	10536.0	2393.0	2059.0	2288.0	2481.0	2963.0	3377.0	4553.0	9195.0	19752.0	41940.0	87140.0	144741.0	192881.0	225144.0	252196.0	283667.0	320526.0	363296.0	412943.0	473024.0	536032.0	623073.0	725767.0	852066.0	1006243.0	1198108.0	1451175.0	1862698.0	2740774.0	3615395.0	3875910.0	6547027.0	17675095.0	57027043.0
PDAC224T_F8-9kf1_R1	578.0	6466.0	39788.0	988276.0	14355.0	3439.0	2071.0	2127.0	2305.0	1776.0	1646.0	1998.0	1636.0	832.0	325.0	804.0	1427.0	1018.0	1197.0	1293.0	1634.0	2156.0	4397.0	8438.0	16847.0	32856.0	58988.0	98323.0	154017.0	226212.0	315466.0	420789.0	541480.0	680659.0	879986.0	1268015.0	1927129.0	1659780.0	2497200.0	5460224.0	40164795.0
PDAC224T_F8-9kf1_R2	443.0	5559.0	14782.0	274594.0	722839.0	23475.0	5172.0	1017.0	707.0	701.0	660.0	786.0	953.0	1813.0	4359.0	9465.0	19232.0	36287.0	55363.0	74954.0	91195.0	107003.0	125261.0	146061.0	171102.0	198233.0	230906.0	264271.0	309910.0	364786.0	433767.0	519584.0	624799.0	761387.0	984268.0	1460995.0	2024357.0	2000508.0	3247213.0	8299544.0	33874437.0
PDAC224Tkf1_R1	962.0	9691.0	63152.0	1552177.0	23972.0	6207.0	5058.0	7096.0	7239.0	2168.0	5675.0	2314.0	2401.0	662.0	572.0	1011.0	1349.0	1041.0	1273.0	1474.0	1990.0	3100.0	6666.0	13545.0	28546.0	55108.0	100711.0	168612.0	264797.0	390849.0	546459.0	734459.0	949022.0	1200424.0	1542999.0	2168891.0	3107567.0	2997523.0	4524769.0	10142415.0	63183163.0
PDAC224Tkf1_R2	616.0	9358.0	24784.0	427598.0	1154778.0	33623.0	8016.0	1656.0	1261.0	1404.0	1439.0	1747.0	2110.0	3348.0	7369.0	19677.0	49209.0	99562.0	153457.0	196109.0	228413.0	256799.0	291353.0	332032.0	376053.0	428973.0	489181.0	555613.0	641995.0	749413.0	884705.0	1052406.0	1243201.0	1481909.0	1849501.0	2594511.0	3480551.0	3757074.0	6169321.0	15573751.0	49193233.0
PDAC225T_F8-9kf1_R1	663.0	6390.0	40885.0	1042423.0	17346.0	3608.0	2886.0	3569.0	2792.0	1615.0	1667.0	2071.0	2155.0	1281.0	425.0	1235.0	2167.0	1483.0	1630.0	1785.0	2094.0	2576.0	5005.0	8792.0	16607.0	31005.0	54847.0	88768.0	138307.0	201606.0	278570.0	372066.0	478045.0	598113.0	769018.0	1106223.0	1680510.0	1445133.0	2172864.0	4733474.0	35137542.0
PDAC225T_F8-9kf1_R2	563.0	6251.0	15671.0	282061.0	772943.0	26262.0	5581.0	1037.0	708.0	733.0	609.0	843.0	1102.0	1900.0	4528.0	9861.0	18499.0	32180.0	46263.0	59987.0	72229.0	83838.0	98016.0	114880.0	135150.0	158707.0	185731.0	212640.0	253151.0	300650.0	358465.0	433431.0	524734.0	644323.0	837089.0	1258310.0	1745277.0	1728592.0	2819286.0	7239159.0	29968001.0
PDAC225Tkf1_R1	401.0	4609.0	29171.0	676126.0	10260.0	2462.0	1477.0	1419.0	1777.0	1090.0	1209.0	1354.0	914.0	528.0	324.0	731.0	1058.0	730.0	994.0	1223.0	1777.0	3014.0	6571.0	14434.0	30072.0	58074.0	105174.0	174052.0	271464.0	395953.0	551123.0	738905.0	954834.0	1207123.0	1548633.0	2206760.0	3205798.0	2979185.0	4465247.0	9904652.0	64964450.0
PDAC225Tkf1_R2	322.0	4213.0	10540.0	204652.0	481144.0	15882.0	3671.0	921.0	692.0	765.0	782.0	874.0	1186.0	2094.0	5092.0	14405.0	39288.0	85080.0	138414.0	183438.0	219477.0	253921.0	292389.0	334682.0	384333.0	440841.0	501700.0	574283.0	660459.0	767025.0	897221.0	1065957.0	1259602.0	1500615.0	1873845.0	2651257.0	3564053.0	3693901.0	5955084.0	14931398.0	51509654.0
PDAC226T_F8-9kf1_R1	2712.0	25958.0	153079.0	3997567.0	61561.0	19007.0	21679.0	8461.0	9794.0	4767.0	10917.0	6856.0	6418.0	2352.0	2951.0	6767.0	8209.0	5262.0	4882.0	5494.0	6550.0	6592.0	11161.0	16536.0	28049.0	50935.0	87339.0	138413.0	214028.0	310521.0	428502.0	568227.0	730536.0	916349.0	1180930.0	1711655.0	2527713.0	2392284.0	3869097.0	9303620.0	56903592.0
PDAC226T_F8-9kf1_R2	1778.0	26448.0	57295.0	815167.0	3254532.0	85432.0	22594.0	3509.0	2794.0	2968.0	2846.0	3394.0	4285.0	8180.0	17591.0	31409.0	55855.0	100138.0	142761.0	176212.0	196645.0	209021.0	229314.0	253575.0	282690.0	316600.0	356018.0	390280.0	450856.0	523566.0	610621.0	722844.0	862174.0	1051271.0	1387009.0	2265309.0	2659999.0	2655421.0	4405007.0	11392841.0	49731073.0
PDAC226Tkf1_R1	1174.0	13427.0	87621.0	2213722.0	31966.0	6953.0	2852.0	8276.0	5804.0	5875.0	2686.0	5216.0	3843.0	4500.0	841.0	1690.0	2537.0	1824.0	2353.0	2733.0	3482.0	4788.0	9786.0	19573.0	38205.0	72725.0	129279.0	209551.0	324520.0	470340.0	649407.0	864110.0	1109621.0	1389209.0	1778972.0	2512499.0	3702760.0	3376382.0	5046588.0	10966721.0	77367186.0
PDAC226Tkf1_R2	1388.0	15447.0	47463.0	880438.0	1345920.0	50366.0	12357.0	2330.0	1731.0	1521.0	1323.0	1412.0	1917.0	4346.0	10289.0	19541.0	39355.0	80801.0	130310.0	180929.0	228562.0	274575.0	327885.0	385803.0	452534.0	525715.0	609119.0	698276.0	811987.0	949478.0	1115577.0	1326823.0	1574022.0	1886872.0	2361661.0	3319117.0	4312520.0	4613079.0	7513277.0	19421292.0	56914239.0
PDAC227T_F8-9kf1_R1	1227.0	5580.0	34750.0	1306188.0	28994.0	5350.0	2352.0	807.0	723.0	646.0	609.0	702.0	737.0	643.0	708.0	594.0	788.0	1069.0	1267.0	1523.0	1786.0	2287.0	4292.0	7645.0	14052.0	25398.0	43451.0	68850.0	106060.0	155221.0	216953.0	293153.0	385038.0	495206.0	660851.0	1012673.0	1535096.0	1385410.0	2259845.0	5549990.0	34274173.0
PDAC227T_F8-9kf1_R2	572.0	6479.0	23729.0	322140.0	966192.0	32913.0	7377.0	2021.0	1244.0	1367.0	1175.0	1158.0	1296.0	2428.0	4669.0	10408.0	19458.0	30118.0	41004.0	50138.0	57884.0	64450.0	73099.0	85181.0	99492.0	116304.0	137233.0	159372.0	192804.0	234503.0	285688.0	349286.0	435974.0	556122.0	760862.0	1221050.0	1675153.0	1841893.0	3255497.0	9016436.0	27748518.0
PDAC227Tkf1_R1	1087.0	5690.0	35373.0	1250226.0	34717.0	5090.0	2130.0	786.0	692.0	765.0	751.0	1012.0	777.0	788.0	773.0	661.0	904.0	1126.0	1439.0	1990.0	2501.0	3973.0	7852.0	15183.0	27903.0	50561.0	86160.0	137185.0	207174.0	302034.0	417229.0	562225.0	733531.0	943382.0	1250941.0	1842887.0	2618442.0	2723533.0	4493197.0	11135466.0	54049412.0
PDAC227Tkf1_R2	505.0	6067.0	21410.0	346135.0	900693.0	30961.0	7401.0	2309.0	1478.0	1849.0	1940.0	2336.0	3031.0	5111.0	9899.0	21513.0	44953.0	80667.0	116893.0	143788.0	162320.0	179558.0	202778.0	229323.0	262946.0	303201.0	351888.0	407741.0	479864.0	570458.0	680587.0	820251.0	995915.0	1241268.0	1641822.0	2410934.0	3182033.0	3879389.0	6598796.0	16195107.0	40412430.0
